generation,0,0,0.432695,-0.319838,0.0317215,1,0.488888,-0.333344,0.0290849,2,0.487094,-0.283184,0.0315645,3,0.459658,-0.324435,0.0290803,4,0.519436,-0.352261,0.0316,5,0.500165,-0.385759,0.0358816,6,0.494268,-0.335344,0.033038,7,0.476896,-0.309347,0.0399511,8,0.461743,-0.311141,0.0485194,9,0.49856,-0.32625,0.0289118,10,0.490717,-0.264838,0.044991,11,0.47525,-0.309275,0.0315602,12,0.469218,-0.298653,0.0451488,13,0.50491,-0.327408,0.0375447,14,0.561452,-0.315138,0.0371526,15,0.540183,-0.325041,0.0459024,16,0.525853,-0.342444,0.0379633,17,0.502168,-0.306782,0.0349691,18,0.545653,-0.327758,0.0356249,19,0.525457,-0.287004,0.0427477,20,0.45769,-0.340501,0.0344995,21,0.53464,-0.329128,0.0345849,22,0.45947,-0.251629,0.0440486,23,0.503039,-0.290688,0.0495529,24,0.617083,-0.326928,0.0487707,25,0.461036,-0.293452,0.0329441,26,0.477271,-0.29011,0.0329895,27,0.525164,-0.316297,0.0294652,28,0.49313,-0.379231,0.0356065,29,0.493302,-0.260946,0.0365712,30,0.444321,-0.313744,0.055725,31,0.51677,-0.291799,0.0396862,32,0.562754,-0.304254,0.0393566,33,0.476412,-0.249294,0.0294374,34,0.509894,-0.295924,0.0316897,35,0.514038,-0.309209,0.0474629,36,0.464724,-0.376931,0.0294825,37,0.515525,-0.282795,0.054997,38,0.465709,-0.287638,0.0373324,39,0.410228,-0.367381,0.0397593,40,0.508863,-0.281226,0.0412636,41,0.48763,-0.304617,0.0292816,42,0.483229,-0.347097,0.0550495,43,0.489644,-0.288655,0.0314248,44,0.526048,-0.354392,0.0393155,45,0.561898,-0.332723,0.0393137,46,0.462989,-0.286763,0.0379868,47,0.466508,-0.381781,0.0431059,48,0.461052,-0.365118,0.043887,49,0.440035,-0.377556,0.0292263,50,0.561321,-0.31225,0.0365476,51,0.441497,-0.366201,0.0395309,52,0.538844,-0.273488,0.0477667,53,0.513825,-0.370655,0.045365,54,0.505785,-0.359592,0.0290295,55,0.470012,-0.297902,0.0515618,56,0.533411,-0.331069,0.0331211,57,0.58757,-0.316072,0.0338839,58,0.472367,-0.24613,0.0346283,59,0.460292,-0.278845,0.0348299,60,0.462174,-0.335513,0.0328863,61,0.465104,-0.288772,0.040046,62,0.58909,-0.30053,0.0342789,63,0.579164,-0.277089,0.0431555,64,0.54186,-0.3107,0.0377033,65,0.569889,-0.347233,0.0359131,66,0.395742,-0.320953,0.0401479,67,0.374644,-0.36053,0.0343167,68,0.560222,-0.329539,0.0386836,69,0.532174,-0.316166,0.0458046,70,0.461437,-0.27433,0.0585301,71,0.421496,-0.297674,0.0338781,72,0.477484,-0.296938,0.0467373,73,0.491757,-0.29431,0.0409265,74,0.524987,-0.379929,0.0386224,75,0.514015,-0.305122,0.0404358,76,0.473049,-0.316006,0.0556693,77,0.47558,-0.309425,0.0317379,78,0.504143,-0.355041,0.0333417,79,0.503986,-0.331082,0.0426561,80,0.567217,-0.273483,0.0292627,81,0.541,-0.296044,0.0359865,82,0.577927,-0.271402,0.0441742,83,0.509358,-0.328334,0.0287754,84,0.537317,-0.291691,0.0289008,85,0.479631,-0.306103,0.0295651,86,0.412336,-0.324727,0.0380581,87,0.467212,-0.288233,0.0405518,88,0.469324,-0.382843,0.0464376,89,0.553504,-0.273517,0.0302146,90,0.497637,-0.349119,0.0343214,91,0.54786,-0.302233,0.029571,92,0.500586,-0.309102,0.0541929,93,0.468234,-0.33,0.0412544,94,0.491755,-0.293819,0.0304064,95,0.441658,-0.321641,0.0409278,96,0.447893,-0.310755,0.0462852,97,0.483066,-0.371981,0.0312311,98,0.492079,-0.373802,0.0468754,99,0.487347,-0.28997,0.0316201,
generation,1,0,0.487379,-0.262397,0.0314845,1,0.499699,-0.307544,0.0354332,2,0.579306,-0.354227,0.0424419,3,0.495349,-0.302409,0.0383625,4,0.566608,-0.295357,0.0375986,5,0.444606,-0.337261,0.0412183,6,0.487178,-0.336119,0.0295766,7,0.493836,-0.291608,0.0473615,8,0.555158,-0.31989,0.0345338,9,0.446864,-0.317857,0.0292551,10,0.418969,-0.336933,0.0434664,11,0.499237,-0.353735,0.0401248,12,0.491348,-0.315811,0.0290127,13,0.536505,-0.315115,0.0368618,14,0.490077,-0.343196,0.0319274,15,0.60697,-0.393512,0.0403908,16,0.469295,-0.372295,0.0421052,17,0.468168,-0.316259,0.0332434,18,0.51081,-0.319216,0.0512033,19,0.464195,-0.284231,0.0357602,20,0.503406,-0.357123,0.0358576,21,0.440249,-0.316106,0.0312819,22,0.480844,-0.295895,0.0321008,23,0.497991,-0.305454,0.0324815,24,0.445745,-0.302668,0.036809,25,0.483634,-0.314486,0.0376123,26,0.517942,-0.288511,0.0395385,27,0.407898,-0.324081,0.0484928,28,0.518726,-0.257838,0.0347327,29,0.511577,-0.325757,0.0290166,30,0.45502,-0.385486,0.0448954,31,0.439937,-0.349774,0.0412357,32,0.506265,-0.31924,0.0450483,33,0.538826,-0.373818,0.0339211,34,0.543206,-0.260029,0.0407832,35,0.439319,-0.289942,0.0396856,36,0.45256,-0.31498,0.0369113,37,0.46466,-0.314504,0.0421265,38,0.445546,-0.265937,0.0300809,39,0.571136,-0.31965,0.0469955,40,0.484667,-0.369799,0.0300885,41,0.517476,-0.282716,0.057197,42,0.512646,-0.287,0.0429422,43,0.567617,-0.313553,0.0310155,44,0.556404,-0.299269,0.0396149,45,0.575446,-0.280931,0.0361267,46,0.476505,-0.289301,0.0286292,47,0.58136,-0.330476,0.035144,48,0.56238,-0.304032,0.0503961,49,0.602153,-0.316413,0.0409112,50,0.52998,-0.337795,0.0505547,51,0.473562,-0.329779,0.0315327,52,0.537367,-0.350522,0.0362947,53,0.485542,-0.330939,0.0308416,54,0.441787,-0.304216,0.0427381,55,0.449551,-0.327406,0.040482,56,0.536461,-0.330669,0.0411291,57,0.464101,-0.308671,0.0292083,58,0.494181,-0.376501,0.0311925,59,0.421266,-0.277617,0.0325772,60,0.440389,-0.261385,0.040448,61,0.5594,-0.298896,0.0346089,62,0.46047,-0.322252,0.0295305,63,0.499274,-0.322753,0.0297151,64,0.475303,-0.314734,0.0338985,65,0.42719,-0.28312,0.0422364,66,0.442611,-0.304379,0.0612737,67,0.485808,-0.330015,0.0387422,68,0.428717,-0.34434,0.0338885,69,0.586227,-0.37207,0.0320375,70,0.496509,-0.346649,0.0286934,71,0.469514,-0.368503,0.0318402,72,0.592785,-0.319761,0.0428663,73,0.505693,-0.341163,0.0339243,74,0.49649,-0.334083,0.0435238,75,0.571399,-0.381949,0.0381174,76,0.482728,-0.311331,0.038386,77,0.499873,-0.343188,0.0285968,78,0.467274,-0.308012,0.0484712,79,0.472595,-0.315992,0.0406548,80,0.473106,-0.283511,0.0340121,81,0.522329,-0.315952,0.0364164,82,0.594524,-0.274705,0.0415047,83,0.450844,-0.387563,0.0297211,84,0.464565,-0.348305,0.0407786,85,0.566084,-0.348742,0.0348723,86,0.626174,-0.3486,0.0422976,87,0.436693,-0.314448,0.040147,88,0.509527,-0.328809,0.0301999,89,0.541411,-0.332163,0.0387711,90,0.498883,-0.253297,0.0395672,91,0.449057,-0.290139,0.0556814,92,0.579088,-0.286684,0.0489318,93,0.431396,-0.292226,0.0359309,94,0.511774,-0.290253,0.0300888,95,0.516532,-0.257694,0.0352818,96,0.420818,-0.320067,0.0402439,97,0.507257,-0.388214,0.0330904,98,0.50842,-0.358199,0.0405443,99,0.500131,-0.322803,0.0438588,
generation,2,0,0.528634,-0.26795,0.0289051,1,0.492028,-0.304483,0.0375186,2,0.479417,-0.325694,0.035201,3,0.455107,-0.38942,0.0400489,4,0.489842,-0.263836,0.0301287,5,0.366688,-0.287302,0.0469257,6,0.49152,-0.334447,0.0293371,7,0.415288,-0.275802,0.0289057,8,0.489741,-0.32536,0.0288641,9,0.469702,-0.359283,0.0289304,10,0.458945,-0.293432,0.0347911,11,0.46478,-0.353622,0.0440292,12,0.521253,-0.373818,0.0303533,13,0.607248,-0.274846,0.0424495,14,0.485085,-0.299523,0.0345501,15,0.521249,-0.302988,0.0317627,16,0.421134,-0.264051,0.03042,17,0.401627,-0.30206,0.0340267,18,0.546353,-0.291664,0.0328666,19,0.593568,-0.325913,0.035249,20,0.54906,-0.291761,0.030392,21,0.531947,-0.246315,0.030988,22,0.523177,-0.336348,0.0324346,23,0.598096,-0.250813,0.0405195,24,0.461863,-0.302545,0.0351532,25,0.48354,-0.26749,0.0341863,26,0.435226,-0.333723,0.0430162,27,0.459074,-0.34884,0.0431938,28,0.640343,-0.305282,0.0306042,29,0.596719,-0.308451,0.0351383,30,0.392498,-0.344937,0.0410061,31,0.509442,-0.309851,0.0403377,32,0.531538,-0.284219,0.0390877,33,0.468692,-0.325122,0.0348997,34,0.480425,-0.340884,0.0358103,35,0.499344,-0.32804,0.0391127,36,0.514569,-0.266954,0.0324581,37,0.455444,-0.346441,0.0347758,38,0.499134,-0.362071,0.0331308,39,0.544117,-0.299629,0.0333049,40,0.526031,-0.279909,0.0379134,41,0.569497,-0.345587,0.0349495,42,0.46948,-0.339753,0.0408739,43,0.437318,-0.337882,0.0360807,44,0.484864,-0.335656,0.0393794,45,0.50526,-0.288078,0.0296366,46,0.480372,-0.292513,0.045073,47,0.472027,-0.367227,0.0469353,48,0.559757,-0.344933,0.0516366,49,0.517571,-0.307018,0.037769,50,0.576594,-0.257401,0.0366149,51,0.426327,-0.364631,0.0395724,52,0.620439,-0.302642,0.0306529,53,0.493102,-0.304974,0.0338842,54,0.472388,-0.33669,0.0549892,55,0.508694,-0.300051,0.0430895,56,0.565412,-0.311901,0.0534699,57,0.444972,-0.260351,0.0397107,58,0.486828,-0.342951,0.0391249,59,0.495671,-0.264438,0.0381803,60,0.559542,-0.281634,0.0362435,61,0.407756,-0.32312,0.0458388,62,0.564696,-0.267906,0.0422109,63,0.529573,-0.293576,0.03893,64,0.555316,-0.349028,0.0403462,65,0.45634,-0.343706,0.0446289,66,0.395535,-0.31998,0.0486267,67,0.401102,-0.283598,0.0401257,68,0.619285,-0.361282,0.0356297,69,0.49881,-0.308364,0.0329609,70,0.509582,-0.331602,0.0333115,71,0.551821,-0.256804,0.0390343,72,0.450675,-0.279541,0.0317622,73,0.541163,-0.309724,0.0343298,74,0.550941,-0.394666,0.0567493,75,0.512062,-0.309352,0.0289322,76,0.469235,-0.291698,0.0473217,77,0.513119,-0.290787,0.0379526,78,0.528052,-0.281031,0.0294886,79,0.502329,-0.315729,0.0299717,80,0.472493,-0.338547,0.0387209,81,0.459951,-0.289408,0.0334727,82,0.486242,-0.296208,0.037998,83,0.48324,-0.332783,0.0340707,84,0.433936,-0.308002,0.0432004,85,0.494659,-0.296148,0.0398652,86,0.448823,-0.275743,0.0450645,87,0.42015,-0.278793,0.0479963,88,0.496322,-0.312441,0.0424032,89,0.506113,-0.325883,0.0290693,90,0.576239,-0.290808,0.0443192,91,0.510101,-0.28888,0.0350047,92,0.494135,-0.316706,0.0584233,93,0.402858,-0.317967,0.0478667,94,0.468561,-0.3226,0.0601669,95,0.481365,-0.314892,0.041851,96,0.531567,-0.291855,0.0289855,97,0.57346,-0.352424,0.0413258,98,0.574837,-0.28959,0.038709,99,0.478214,-0.374003,0.0502198,
generation,3,0,0.492241,-0.344527,0.0298722,1,0.455661,-0.393932,0.0285761,2,0.505414,-0.309531,0.0324373,3,0.562084,-0.346638,0.0319441,4,0.523793,-0.291246,0.0322205,5,0.55004,-0.295305,0.0459988,6,0.45116,-0.372331,0.0290734,7,0.477739,-0.299787,0.0454736,8,0.61918,-0.329508,0.0363507,9,0.486573,-0.323957,0.0310996,10,0.492837,-0.363419,0.0410973,11,0.504182,-0.296632,0.0437897,12,0.480302,-0.307167,0.0393886,13,0.428674,-0.345999,0.0396246,14,0.511737,-0.365719,0.031625,15,0.464365,-0.285852,0.0496256,16,0.527546,-0.252079,0.0295623,17,0.502215,-0.283244,0.0452989,18,0.409548,-0.33096,0.0291527,19,0.498118,-0.246528,0.0419611,20,0.58429,-0.323936,0.0415208,21,0.493067,-0.347752,0.0299569,22,0.506261,-0.287083,0.0344505,23,0.512298,-0.348705,0.0418178,24,0.493745,-0.298307,0.0324948,25,0.60652,-0.339946,0.0510132,26,0.523639,-0.338006,0.036659,27,0.513809,-0.300124,0.0302098,28,0.562265,-0.329184,0.0375219,29,0.505071,-0.336207,0.0449516,30,0.339668,-0.317196,0.0323412,31,0.49768,-0.300618,0.0373754,32,0.53258,-0.314698,0.0398285,33,0.453144,-0.306703,0.042454,34,0.479621,-0.294232,0.0419604,35,0.55102,-0.36201,0.0461334,36,0.462139,-0.297548,0.0445487,37,0.446776,-0.337566,0.0399541,38,0.498466,-0.354628,0.0382964,39,0.437277,-0.345979,0.0501034,40,0.489416,-0.310476,0.0449833,41,0.474128,-0.390392,0.0299602,42,0.488669,-0.325885,0.0289166,43,0.416667,-0.292765,0.042743,44,0.466236,-0.315825,0.0288623,45,0.486652,-0.298202,0.0286923,46,0.516926,-0.312975,0.0391471,47,0.568037,-0.30785,0.0531609,48,0.504345,-0.304786,0.0368803,49,0.699549,-0.321607,0.0294347,50,0.508698,-0.355129,0.0347846,51,0.502294,-0.380738,0.0459472,52,0.462419,-0.278713,0.0392261,53,0.471667,-0.323061,0.0471551,54,0.523492,-0.292343,0.0362178,55,0.510881,-0.325156,0.0289515,56,0.403608,-0.253698,0.0386883,57,0.510473,-0.323576,0.0296807,58,0.484833,-0.291786,0.0324778,59,0.55269,-0.28231,0.0379222,60,0.475541,-0.297689,0.029424,61,0.521896,-0.306968,0.0472319,62,0.481287,-0.32506,0.0377056,63,0.407398,-0.323072,0.0645412,64,0.480509,-0.295104,0.0444418,65,0.414727,-0.298066,0.0371733,66,0.48082,-0.287161,0.0383417,67,0.524049,-0.356109,0.0289111,68,0.424518,-0.291185,0.0298644,69,0.465619,-0.353405,0.0309147,70,0.507037,-0.271204,0.0302889,71,0.567157,-0.344209,0.0363385,72,0.478146,-0.335764,0.0443197,73,0.567405,-0.293654,0.0420842,74,0.402388,-0.284686,0.0323258,75,0.512838,-0.30081,0.0385442,76,0.520815,-0.343295,0.0292331,77,0.505266,-0.363464,0.0314247,78,0.552616,-0.299206,0.0442407,79,0.445203,-0.31332,0.0362192,80,0.501196,-0.357039,0.0499893,81,0.49639,-0.340497,0.0332223,82,0.552727,-0.302813,0.0461134,83,0.468554,-0.310133,0.0398905,84,0.468842,-0.32182,0.0366018,85,0.446863,-0.319706,0.0567607,86,0.437992,-0.259466,0.0334191,87,0.536542,-0.369865,0.0338025,88,0.423326,-0.380589,0.0335734,89,0.572768,-0.311273,0.0327981,90,0.47897,-0.338056,0.0476207,91,0.507486,-0.32322,0.0384529,92,0.446915,-0.295076,0.0405355,93,0.540141,-0.305408,0.0424074,94,0.462384,-0.328848,0.0385794,95,0.431665,-0.275049,0.0409706,96,0.580415,-0.27806,0.0455072,97,0.481866,-0.343242,0.0391203,98,0.504714,-0.300095,0.0297395,99,0.504405,-0.32561,0.0292187,
generation,4,0,0.452825,-0.318109,0.0402846,1,0.516677,-0.32244,0.0291175,2,0.451767,-0.345408,0.0336601,3,0.421262,-0.293205,0.0361243,4,0.558598,-0.334909,0.0401255,5,0.434854,-0.250718,0.0643872,6,0.573634,-0.305443,0.0417277,7,0.473434,-0.406026,0.0318969,8,0.51888,-0.279669,0.0313739,9,0.414073,-0.319134,0.0299221,10,0.476822,-0.270669,0.0312406,11,0.51118,-0.252747,0.0289669,12,0.452304,-0.3193,0.0516194,13,0.488651,-0.317151,0.0428562,14,0.529618,-0.312452,0.0293558,15,0.571361,-0.320298,0.0287057,16,0.5501,-0.344355,0.0295679,17,0.469605,-0.306337,0.0297944,18,0.472532,-0.338535,0.0399765,19,0.522691,-0.36652,0.0357627,20,0.50168,-0.325721,0.0462998,21,0.519584,-0.321739,0.0342124,22,0.498316,-0.296568,0.0338289,23,0.547917,-0.330112,0.0288991,24,0.469327,-0.329023,0.0384144,25,0.46925,-0.325458,0.0380426,26,0.515741,-0.288827,0.0355682,27,0.487229,-0.34539,0.036839,28,0.505834,-0.301452,0.0429126,29,0.474865,-0.287628,0.0293622,30,0.508608,-0.301606,0.0520701,31,0.563065,-0.324953,0.0468253,32,0.575407,-0.328206,0.0401544,33,0.47232,-0.317282,0.0338312,34,0.490902,-0.321409,0.02877,35,0.567204,-0.306345,0.0310437,36,0.477711,-0.300575,0.0358979,37,0.52292,-0.327412,0.0393292,38,0.494481,-0.293432,0.0440594,39,0.519493,-0.353937,0.0325013,40,0.473007,-0.334232,0.0485479,41,0.438394,-0.302718,0.0346952,42,0.488721,-0.36529,0.0421403,43,0.472913,-0.252654,0.0293014,44,0.540482,-0.311566,0.0373548,45,0.450059,-0.331805,0.0368865,46,0.484634,-0.350312,0.0296094,47,0.413437,-0.297969,0.0302077,48,0.488849,-0.337956,0.0308876,49,0.545626,-0.316148,0.0350062,50,0.453004,-0.321013,0.0344986,51,0.465636,-0.359554,0.0315474,52,0.518798,-0.323552,0.0301001,53,0.565331,-0.314446,0.0391893,54,0.409477,-0.345518,0.0352472,55,0.477028,-0.280762,0.0440156,56,0.562649,-0.358335,0.0435831,57,0.492839,-0.32221,0.0367835,58,0.436992,-0.260385,0.0529519,59,0.536778,-0.317849,0.0417391,60,0.52414,-0.321981,0.0508619,61,0.513756,-0.301906,0.0522052,62,0.400037,-0.267311,0.0429606,63,0.43108,-0.348906,0.0358978,64,0.484567,-0.306535,0.0408316,65,0.504687,-0.357916,0.0330246,66,0.54264,-0.316665,0.0360058,67,0.527967,-0.329437,0.0319171,68,0.466269,-0.329515,0.0363815,69,0.513739,-0.361097,0.0288453,70,0.439224,-0.329469,0.032124,71,0.461623,-0.286862,0.036011,72,0.526919,-0.359157,0.0302992,73,0.502044,-0.357173,0.0344338,74,0.539483,-0.328818,0.0312846,75,0.476437,-0.309359,0.0451122,76,0.557134,-0.286993,0.0317221,77,0.436004,-0.258367,0.0363399,78,0.43586,-0.297589,0.0430944,79,0.496987,-0.280899,0.0286932,80,0.478769,-0.313923,0.053109,81,0.490357,-0.274836,0.0430418,82,0.520348,-0.315429,0.0366903,83,0.496261,-0.271265,0.0366359,84,0.527598,-0.326103,0.0536569,85,0.496865,-0.383228,0.0293373,86,0.465531,-0.273646,0.0503838,87,0.503879,-0.309375,0.0411091,88,0.489151,-0.298108,0.0308526,89,0.50639,-0.256003,0.0396273,90,0.521524,-0.268379,0.0443232,91,0.527333,-0.302179,0.0441617,92,0.467142,-0.340351,0.0298266,93,0.525373,-0.374469,0.0318027,94,0.454763,-0.3053,0.0573979,95,0.495345,-0.283268,0.0370187,96,0.510565,-0.255833,0.029384,97,0.398893,-0.267002,0.0374725,98,0.474729,-0.343195,0.0471213,99,0.492532,-0.271028,0.0440751,
generation,5,0,0.385477,-0.358323,0.0392605,1,0.48793,-0.31979,0.0460398,2,0.506694,-0.303422,0.0362766,3,0.583036,-0.327515,0.035742,4,0.55902,-0.322822,0.0363137,5,0.549355,-0.305659,0.0361332,6,0.427801,-0.305881,0.038892,7,0.432532,-0.26839,0.0296264,8,0.429317,-0.331302,0.0296273,9,0.487791,-0.292411,0.0347175,10,0.502043,-0.256704,0.0333226,11,0.488367,-0.323126,0.0358932,12,0.5007,-0.322148,0.0483173,13,0.508082,-0.356492,0.0408169,14,0.436676,-0.270264,0.0298373,15,0.549881,-0.289158,0.0402274,16,0.543028,-0.362861,0.030852,17,0.506431,-0.296522,0.0416834,18,0.542279,-0.284308,0.0328631,19,0.469005,-0.360858,0.0299148,20,0.449667,-0.249253,0.0314977,21,0.507713,-0.334592,0.0411663,22,0.491407,-0.341823,0.0509076,23,0.471883,-0.286883,0.0394662,24,0.501269,-0.317081,0.0399285,25,0.48016,-0.304233,0.0290428,26,0.500029,-0.332508,0.0291524,27,0.488159,-0.315493,0.0364455,28,0.40799,-0.324151,0.0422767,29,0.523491,-0.312913,0.0347992,30,0.52495,-0.256524,0.0496223,31,0.508031,-0.351237,0.0397616,32,0.485435,-0.268563,0.0307289,33,0.452729,-0.313097,0.0355204,34,0.43775,-0.289955,0.0372818,35,0.638217,-0.301561,0.0321063,36,0.475987,-0.385642,0.0292793,37,0.469376,-0.301622,0.0346806,38,0.52209,-0.337812,0.0433922,39,0.429267,-0.262028,0.032541,40,0.486769,-0.324155,0.0308916,41,0.505467,-0.292486,0.0439143,42,0.472105,-0.245751,0.0406024,43,0.551442,-0.315139,0.0361448,44,0.540933,-0.328492,0.0379904,45,0.560643,-0.341339,0.0378249,46,0.450848,-0.298362,0.0416603,47,0.458186,-0.251906,0.0339187,48,0.489203,-0.32629,0.0318034,49,0.423605,-0.310762,0.0345947,50,0.444976,-0.313004,0.0380747,51,0.423354,-0.301372,0.0309295,52,0.565632,-0.266805,0.0286897,53,0.56067,-0.327933,0.0356523,54,0.430619,-0.28957,0.0292825,55,0.456709,-0.333838,0.0349522,56,0.515321,-0.301392,0.0369719,57,0.538384,-0.249617,0.0412603,58,0.487462,-0.356251,0.0293578,59,0.503918,-0.303052,0.0418137,60,0.478555,-0.314037,0.0314616,61,0.566796,-0.310196,0.0566226,62,0.523369,-0.362741,0.043262,63,0.585402,-0.298218,0.0499472,64,0.525993,-0.312787,0.0342982,65,0.515575,-0.355715,0.0307256,66,0.446892,-0.301834,0.0379202,67,0.568212,-0.316827,0.0322139,68,0.395339,-0.261604,0.0299725,69,0.485555,-0.343397,0.0412337,70,0.5502,-0.257418,0.0458968,71,0.47947,-0.342256,0.0496538,72,0.49078,-0.312573,0.0293102,73,0.482079,-0.383996,0.0368593,74,0.535134,-0.303413,0.0352541,75,0.496513,-0.268514,0.03448,76,0.515464,-0.26744,0.0287971,77,0.487538,-0.276135,0.0407774,78,0.485347,-0.283194,0.0336753,79,0.48462,-0.383792,0.0476463,80,0.448136,-0.320415,0.0407054,81,0.480723,-0.314523,0.0295424,82,0.492811,-0.304081,0.0310473,83,0.457738,-0.324672,0.0359265,84,0.511595,-0.269247,0.0319527,85,0.450344,-0.300407,0.0294671,86,0.469055,-0.339868,0.0366129,87,0.564066,-0.2843,0.0444715,88,0.425598,-0.256074,0.0530093,89,0.440128,-0.336089,0.0311907,90,0.536578,-0.312638,0.0325539,91,0.568805,-0.266173,0.0496561,92,0.543036,-0.324486,0.0290115,93,0.486741,-0.325441,0.0423462,94,0.535022,-0.312924,0.0335442,95,0.495593,-0.273668,0.0317309,96,0.406742,-0.275021,0.0424785,97,0.573559,-0.270047,0.0361053,98,0.496999,-0.342711,0.0398021,99,0.555201,-0.326845,0.0470918,
generation,6,0,0.456243,-0.353091,0.0353636,1,0.48963,-0.324094,0.0285803,2,0.472566,-0.283833,0.0467738,3,0.527772,-0.362696,0.0291361,4,0.41824,-0.35031,0.044981,5,0.492091,-0.293673,0.0356598,6,0.531607,-0.271003,0.0376626,7,0.550922,-0.268097,0.0370787,8,0.483241,-0.317135,0.0325191,9,0.448422,-0.299435,0.0376451,10,0.44421,-0.290568,0.0313536,11,0.439672,-0.255598,0.0513096,12,0.491469,-0.336549,0.0487333,13,0.527319,-0.287544,0.0299421,14,0.537065,-0.390048,0.0353421,15,0.514758,-0.298956,0.0458095,16,0.469773,-0.254052,0.0290177,17,0.457861,-0.254773,0.0346529,18,0.509567,-0.329991,0.030775,19,0.530302,-0.323747,0.0407271,20,0.596579,-0.292781,0.0386109,21,0.517059,-0.319167,0.0394595,22,0.548949,-0.326236,0.0363047,23,0.590507,-0.337819,0.0296701,24,0.567886,-0.276271,0.0291447,25,0.425321,-0.270644,0.0289768,26,0.477385,-0.348571,0.0302301,27,0.477562,-0.341217,0.0391541,28,0.517287,-0.334731,0.0289775,29,0.440374,-0.322749,0.0396662,30,0.434077,-0.352474,0.0337146,31,0.589745,-0.258048,0.0405306,32,0.462829,-0.385654,0.0445354,33,0.432109,-0.290459,0.0465395,34,0.525817,-0.328956,0.0412879,35,0.530948,-0.281124,0.0448097,36,0.616044,-0.36277,0.0391383,37,0.520278,-0.330354,0.042909,38,0.493964,-0.318598,0.0294312,39,0.5662,-0.372025,0.047287,40,0.534771,-0.275309,0.0349291,41,0.486519,-0.274904,0.0339367,42,0.601259,-0.390365,0.0290586,43,0.465928,-0.330819,0.034151,44,0.468527,-0.316089,0.0351601,45,0.517175,-0.281403,0.0422855,46,0.488063,-0.293192,0.0377554,47,0.5242,-0.369895,0.031127,48,0.47581,-0.308495,0.0395249,49,0.477688,-0.347548,0.0381084,50,0.44991,-0.364346,0.03587,51,0.505343,-0.298857,0.033049,52,0.516222,-0.311529,0.0330713,53,0.503396,-0.368818,0.0590209,54,0.511352,-0.31753,0.0403886,55,0.529956,-0.267569,0.0529487,56,0.532404,-0.302842,0.0339662,57,0.48435,-0.329935,0.043765,58,0.501146,-0.273703,0.0388718,59,0.431902,-0.272363,0.0360161,60,0.471162,-0.313951,0.0360719,61,0.563995,-0.332811,0.029458,62,0.496786,-0.305184,0.0286444,63,0.449294,-0.328851,0.0490257,64,0.501382,-0.332455,0.0371943,65,0.497928,-0.336505,0.0350936,66,0.431071,-0.347366,0.0287125,67,0.520396,-0.263908,0.0349834,68,0.440373,-0.266339,0.0449096,69,0.550083,-0.266613,0.0294621,70,0.520825,-0.297186,0.0425633,71,0.473413,-0.354815,0.033721,72,0.495658,-0.314218,0.0387075,73,0.5199,-0.395038,0.0329036,74,0.422803,-0.332649,0.0423592,75,0.617372,-0.253074,0.0564738,76,0.424457,-0.315136,0.0392818,77,0.573269,-0.316228,0.0290899,78,0.535335,-0.267106,0.0321385,79,0.526811,-0.290177,0.0295234,80,0.519805,-0.259901,0.0390108,81,0.49891,-0.278537,0.0287904,82,0.510569,-0.353064,0.0362846,83,0.516123,-0.322847,0.0299878,84,0.467036,-0.323057,0.0365063,85,0.529105,-0.363124,0.0304136,86,0.463025,-0.290864,0.0336466,87,0.505377,-0.338009,0.028842,88,0.452438,-0.31221,0.0296322,89,0.532199,-0.355482,0.0398663,90,0.505266,-0.388011,0.0324104,91,0.461888,-0.30903,0.048231,92,0.379654,-0.313991,0.035431,93,0.567974,-0.326587,0.0413031,94,0.506892,-0.365676,0.0317362,95,0.424011,-0.259653,0.0351747,96,0.575449,-0.310775,0.0289605,97,0.463097,-0.306668,0.0288051,98,0.531117,-0.316799,0.0345527,99,0.375809,-0.284468,0.0365189,
generation,7,0,0.50732,-0.299557,0.0287483,1,0.612394,-0.273903,0.0521083,2,0.412351,-0.291306,0.0352822,3,0.549865,-0.287591,0.0378439,4,0.478804,-0.298685,0.042646,5,0.493841,-0.256884,0.0354351,6,0.585694,-0.346636,0.0388447,7,0.488374,-0.280026,0.0294602,8,0.488966,-0.343464,0.0334632,9,0.546805,-0.28546,0.0411898,10,0.409811,-0.319276,0.0305502,11,0.532033,-0.319944,0.0355556,12,0.545916,-0.310187,0.0326408,13,0.569168,-0.322614,0.0368576,14,0.537596,-0.321996,0.0373528,15,0.507053,-0.324864,0.0289407,16,0.474238,-0.255454,0.0407356,17,0.514609,-0.289112,0.0318367,18,0.501167,-0.360752,0.0299017,19,0.514551,-0.274209,0.0333768,20,0.582268,-0.277051,0.0405993,21,0.515722,-0.263395,0.0303025,22,0.441475,-0.32179,0.033215,23,0.424273,-0.330721,0.0336989,24,0.500274,-0.276702,0.0405131,25,0.426696,-0.333098,0.0372174,26,0.522547,-0.386793,0.0386999,27,0.594437,-0.288752,0.0501015,28,0.420844,-0.404049,0.0381053,29,0.498463,-0.295174,0.0366901,30,0.582344,-0.330183,0.0307538,31,0.539591,-0.370463,0.0302185,32,0.510745,-0.321118,0.0320925,33,0.505129,-0.284238,0.0371806,34,0.516201,-0.306725,0.0385915,35,0.540998,-0.307079,0.0379714,36,0.456695,-0.299623,0.0327051,37,0.538875,-0.305804,0.029592,38,0.484176,-0.3384,0.0361233,39,0.509255,-0.355985,0.0326264,40,0.488258,-0.300638,0.0327724,41,0.427039,-0.282813,0.0381501,42,0.487642,-0.3099,0.0382841,43,0.489226,-0.269453,0.0347623,44,0.454978,-0.353921,0.0351272,45,0.56527,-0.308661,0.0292374,46,0.400221,-0.285004,0.0458041,47,0.568005,-0.347444,0.038925,48,0.446785,-0.284379,0.0457101,49,0.497317,-0.390226,0.0313118,50,0.52056,-0.283008,0.041655,51,0.54462,-0.256598,0.0288421,52,0.583551,-0.269664,0.0389194,53,0.519671,-0.291179,0.0436036,54,0.464763,-0.263891,0.0329293,55,0.556598,-0.304957,0.0447452,56,0.485397,-0.322063,0.0352552,57,0.540763,-0.310889,0.0395202,58,0.49988,-0.293635,0.0526628,59,0.497074,-0.27175,0.0292057,60,0.502637,-0.351234,0.0287656,61,0.507508,-0.331494,0.0363791,62,0.439137,-0.348823,0.0529173,63,0.450149,-0.322205,0.049774,64,0.511058,-0.290772,0.0337571,65,0.535232,-0.312809,0.0389133,66,0.547954,-0.285045,0.0288119,67,0.508363,-0.358364,0.052833,68,0.543575,-0.302248,0.0422509,69,0.481241,-0.295449,0.0427754,70,0.581346,-0.308734,0.0364036,71,0.548614,-0.345262,0.0360339,72,0.489236,-0.337138,0.0301758,73,0.449024,-0.348504,0.0391046,74,0.483756,-0.330037,0.0345621,75,0.449076,-0.320648,0.0413832,76,0.393394,-0.304128,0.04618,77,0.511388,-0.343096,0.0291282,78,0.482773,-0.342572,0.0354694,79,0.44883,-0.278614,0.0342491,80,0.518067,-0.336336,0.0386368,81,0.531699,-0.309833,0.0620563,82,0.540682,-0.382971,0.0494663,83,0.513654,-0.357316,0.0341395,84,0.520526,-0.350384,0.0300892,85,0.508418,-0.278567,0.0289604,86,0.547433,-0.295857,0.05753,87,0.47639,-0.255841,0.0383169,88,0.528273,-0.266137,0.0292417,89,0.392176,-0.304309,0.0375101,90,0.570261,-0.311267,0.0322126,91,0.503438,-0.305505,0.0287631,92,0.540477,-0.363638,0.0323609,93,0.517185,-0.316515,0.0434129,94,0.552916,-0.32391,0.0292141,95,0.521709,-0.306065,0.0335867,96,0.409418,-0.264891,0.0388834,97,0.481782,-0.277441,0.0288029,98,0.514894,-0.309682,0.0442844,99,0.569846,-0.306548,0.0326758,
generation,8,0,0.452194,-0.368629,0.0409647,1,0.480733,-0.296294,0.0360973,2,0.361144,-0.31061,0.0385202,3,0.488957,-0.335218,0.0304941,4,0.524444,-0.302911,0.0392537,5,0.449851,-0.305262,0.0423451,6,0.545515,-0.338042,0.0485725,7,0.471917,-0.346417,0.0404891,8,0.475786,-0.305996,0.0326284,9,0.454636,-0.300112,0.042099,10,0.504439,-0.261253,0.0309323,11,0.503734,-0.365884,0.0393361,12,0.43699,-0.320324,0.0328936,13,0.682371,-0.267843,0.0393479,14,0.498671,-0.297219,0.0464198,15,0.515829,-0.329574,0.0298545,16,0.435856,-0.282376,0.0404517,17,0.542292,-0.323671,0.0300788,18,0.470196,-0.280374,0.0323058,19,0.399372,-0.286048,0.0344466,20,0.511274,-0.289999,0.0450619,21,0.403461,-0.275219,0.0312339,22,0.472008,-0.335079,0.0380729,23,0.524292,-0.386206,0.0406462,24,0.47771,-0.285918,0.0310175,25,0.411959,-0.333768,0.0418068,26,0.435095,-0.323713,0.0412783,27,0.527509,-0.306993,0.0372282,28,0.507447,-0.316588,0.0377331,29,0.483306,-0.369033,0.0387165,30,0.552391,-0.269945,0.0439952,31,0.528691,-0.313357,0.039545,32,0.463784,-0.337596,0.05137,33,0.348126,-0.286714,0.041455,34,0.488311,-0.302942,0.0306226,35,0.516568,-0.358605,0.0392737,36,0.39766,-0.346221,0.0372373,37,0.478146,-0.331002,0.0410279,38,0.436464,-0.357624,0.0441184,39,0.494186,-0.352014,0.033443,40,0.481651,-0.321287,0.03252,41,0.514269,-0.327621,0.0307543,42,0.496928,-0.280548,0.0297029,43,0.469896,-0.30625,0.0358332,44,0.488938,-0.3119,0.0414675,45,0.546421,-0.310683,0.0482081,46,0.491231,-0.28356,0.0402383,47,0.535727,-0.349989,0.0297367,48,0.492544,-0.349047,0.02943,49,0.479436,-0.254759,0.0321939,50,0.468878,-0.306547,0.0299223,51,0.470741,-0.257673,0.0416845,52,0.495176,-0.329022,0.0365729,53,0.528001,-0.312302,0.0436238,54,0.498883,-0.310272,0.0311239,55,0.515598,-0.316459,0.0466333,56,0.51841,-0.311016,0.0323542,57,0.487036,-0.35902,0.0288873,58,0.536047,-0.289186,0.0370122,59,0.468877,-0.315353,0.0494552,60,0.577206,-0.310603,0.0383347,61,0.463845,-0.303262,0.0334226,62,0.458925,-0.294095,0.0312925,63,0.618813,-0.278058,0.0403229,64,0.410523,-0.312722,0.0287767,65,0.50463,-0.327955,0.0450126,66,0.516274,-0.260932,0.0407691,67,0.541337,-0.359842,0.0390723,68,0.474056,-0.350256,0.0459258,69,0.450875,-0.324598,0.0401172,70,0.52417,-0.337006,0.0546078,71,0.419706,-0.2651,0.0369073,72,0.599625,-0.303541,0.0390668,73,0.502778,-0.323655,0.043417,74,0.576021,-0.276757,0.0500338,75,0.576889,-0.287116,0.0500958,76,0.576271,-0.322785,0.0307741,77,0.547905,-0.272371,0.0707425,78,0.526227,-0.280303,0.0327399,79,0.529789,-0.288423,0.0367721,80,0.479705,-0.294814,0.029048,81,0.456991,-0.267572,0.0286465,82,0.448087,-0.324291,0.0399743,83,0.532843,-0.286659,0.0371803,84,0.455293,-0.298262,0.0377598,85,0.549156,-0.34179,0.0498984,86,0.467158,-0.327517,0.0303354,87,0.502433,-0.283629,0.0361895,88,0.588296,-0.263779,0.0461479,89,0.448613,-0.336505,0.0509674,90,0.507718,-0.279832,0.0358374,91,0.468645,-0.268125,0.0526117,92,0.534083,-0.291041,0.0343071,93,0.514285,-0.281128,0.0378684,94,0.466471,-0.285611,0.0334364,95,0.524822,-0.317303,0.0560989,96,0.520184,-0.377183,0.0428854,97,0.533153,-0.325666,0.0506424,98,0.489545,-0.331406,0.0393238,99,0.537412,-0.330561,0.0497831,
generation,9,0,0.526593,-0.313206,0.0428862,1,0.407044,-0.353642,0.0286018,2,0.476918,-0.269013,0.0411551,3,0.513339,-0.302119,0.0477447,4,0.475805,-0.340325,0.0337427,5,0.523631,-0.317294,0.036211,6,0.488134,-0.331761,0.0352556,7,0.46709,-0.343461,0.0372095,8,0.517488,-0.315516,0.0371853,9,0.487543,-0.300307,0.0474768,10,0.599227,-0.253604,0.0300066,11,0.530075,-0.296231,0.0416791,12,0.461434,-0.267131,0.0350709,13,0.548854,-0.289535,0.0357856,14,0.467327,-0.292958,0.0297496,15,0.588837,-0.299876,0.0366338,16,0.463814,-0.334366,0.0407072,17,0.490149,-0.31273,0.0297453,18,0.527692,-0.278733,0.0287751,19,0.566454,-0.260612,0.0290791,20,0.472251,-0.323669,0.0343656,21,0.470619,-0.321261,0.0325663,22,0.482357,-0.285305,0.0302989,23,0.528813,-0.282557,0.0286135,24,0.522741,-0.381344,0.0382117,25,0.427528,-0.368183,0.030364,26,0.525704,-0.32445,0.0386867,27,0.408403,-0.347951,0.0362329,28,0.590615,-0.293987,0.040117,29,0.479817,-0.31553,0.029143,30,0.555852,-0.273299,0.041722,31,0.521459,-0.343712,0.0340066,32,0.467064,-0.348446,0.0365471,33,0.48139,-0.314424,0.0481349,34,0.403395,-0.314193,0.0327353,35,0.475142,-0.302024,0.0330151,36,0.469092,-0.346114,0.0298451,37,0.485049,-0.292209,0.0396599,38,0.534907,-0.328128,0.0387718,39,0.493913,-0.283755,0.0403812,40,0.491395,-0.346234,0.0371839,41,0.490593,-0.323528,0.0422385,42,0.499474,-0.369132,0.0292572,43,0.402043,-0.303108,0.0290261,44,0.476372,-0.249635,0.0353378,45,0.530898,-0.247446,0.0416247,46,0.513823,-0.373812,0.0290575,47,0.397126,-0.370711,0.0342445,48,0.491871,-0.30338,0.0465018,49,0.407442,-0.308354,0.0347044,50,0.56151,-0.374278,0.0389629,51,0.513322,-0.316563,0.0428375,52,0.483688,-0.283473,0.0363916,53,0.533604,-0.328832,0.0317817,54,0.47407,-0.295765,0.0393741,55,0.501376,-0.315569,0.0357434,56,0.498201,-0.311871,0.0411592,57,0.394519,-0.272525,0.0469955,58,0.516818,-0.258824,0.0414968,59,0.5339,-0.331704,0.031133,60,0.553263,-0.361704,0.0476886,61,0.556521,-0.325646,0.0404678,62,0.471633,-0.307374,0.0427374,63,0.421118,-0.312072,0.0287477,64,0.481946,-0.306982,0.0289632,65,0.507323,-0.342079,0.0483744,66,0.494936,-0.335144,0.0409315,67,0.498095,-0.344443,0.0341242,68,0.459276,-0.359214,0.0288346,69,0.488697,-0.25635,0.0288711,70,0.467737,-0.317487,0.0498769,71,0.380665,-0.262882,0.0310688,72,0.489453,-0.321304,0.0554004,73,0.460447,-0.395626,0.0404876,74,0.400405,-0.333796,0.048273,75,0.517422,-0.35814,0.0416742,76,0.4781,-0.289036,0.0394186,77,0.438829,-0.241051,0.0316777,78,0.512452,-0.313916,0.0350847,79,0.544862,-0.330964,0.041928,80,0.446514,-0.298322,0.0314779,81,0.459559,-0.322224,0.0333356,82,0.465815,-0.322867,0.0402552,83,0.560399,-0.306804,0.0445066,84,0.413483,-0.379011,0.0291336,85,0.462549,-0.345024,0.0353568,86,0.491629,-0.338607,0.0426463,87,0.490604,-0.296632,0.0285965,88,0.443538,-0.285912,0.0291136,89,0.445361,-0.326044,0.0456441,90,0.456014,-0.333129,0.0370132,91,0.515186,-0.29621,0.0315834,92,0.547935,-0.291414,0.0306573,93,0.514072,-0.277212,0.0409227,94,0.605725,-0.287225,0.037196,95,0.609477,-0.281748,0.0497467,96,0.484781,-0.299214,0.0331456,97,0.52209,-0.335212,0.0428746,98,0.534519,-0.344441,0.0487189,99,0.530121,-0.381494,0.038099,
generation,10,0,0.495162,-0.279925,0.0367655,1,0.571709,-0.26208,0.0288354,2,0.530976,-0.313268,0.0291605,3,0.522888,-0.300325,0.0314233,4,0.505183,-0.337353,0.0362085,5,0.505899,-0.304598,0.0384337,6,0.520533,-0.348753,0.0355686,7,0.480499,-0.366274,0.0394811,8,0.446828,-0.303782,0.0385462,9,0.551658,-0.329386,0.0342233,10,0.550546,-0.315512,0.0391222,11,0.461635,-0.315203,0.0373203,12,0.519105,-0.311245,0.0389267,13,0.485954,-0.287991,0.0472175,14,0.445031,-0.303423,0.0388967,15,0.464207,-0.389518,0.0390054,16,0.437829,-0.32127,0.0401727,17,0.469903,-0.285308,0.0299388,18,0.432624,-0.327418,0.038854,19,0.473987,-0.255745,0.0363559,20,0.551686,-0.367177,0.0371316,21,0.51259,-0.350182,0.0388276,22,0.409592,-0.315346,0.0373617,23,0.479168,-0.395083,0.0330062,24,0.453361,-0.314901,0.0289198,25,0.520268,-0.324868,0.0340738,26,0.544598,-0.318671,0.0536016,27,0.530312,-0.341296,0.0319342,28,0.504933,-0.311933,0.034874,29,0.53062,-0.248932,0.0442714,30,0.54836,-0.336212,0.0416933,31,0.421086,-0.259862,0.032402,32,0.432844,-0.287057,0.0330752,33,0.480868,-0.291672,0.0392551,34,0.396397,-0.359043,0.0442441,35,0.515193,-0.344208,0.0362896,36,0.486578,-0.245637,0.0545167,37,0.49223,-0.296534,0.0407112,38,0.478799,-0.340364,0.0351908,39,0.442551,-0.3181,0.0334456,40,0.498216,-0.349464,0.0286427,41,0.321175,-0.304665,0.0388178,42,0.491887,-0.283544,0.0291492,43,0.520603,-0.307478,0.0302903,44,0.473811,-0.245585,0.0290359,45,0.554487,-0.347178,0.0476989,46,0.525892,-0.319155,0.040096,47,0.55966,-0.284342,0.0303848,48,0.515111,-0.297889,0.0308402,49,0.414448,-0.252753,0.029376,50,0.411786,-0.36074,0.0308361,51,0.508457,-0.314493,0.0302708,52,0.465606,-0.260256,0.0412279,53,0.476631,-0.243515,0.0370745,54,0.587253,-0.335848,0.0388064,55,0.480845,-0.319233,0.0308214,56,0.517793,-0.270595,0.0286975,57,0.481728,-0.278418,0.039961,58,0.453126,-0.292186,0.0363272,59,0.580042,-0.314469,0.0356683,60,0.549838,-0.361954,0.0297299,61,0.360112,-0.347686,0.0398379,62,0.520481,-0.260048,0.0356921,63,0.410575,-0.290157,0.0443933,64,0.477011,-0.26595,0.0298299,65,0.53529,-0.321802,0.0376916,66,0.500959,-0.325063,0.0309151,67,0.462486,-0.3282,0.0400781,68,0.44788,-0.320603,0.0416355,69,0.464076,-0.292763,0.0295622,70,0.500892,-0.306399,0.0354796,71,0.511526,-0.373633,0.0358809,72,0.618491,-0.243089,0.0291818,73,0.593412,-0.30689,0.0440223,74,0.436576,-0.327264,0.0484771,75,0.585989,-0.323988,0.028984,76,0.517801,-0.312071,0.0390418,77,0.482716,-0.309722,0.0524818,78,0.477779,-0.331091,0.0354253,79,0.46975,-0.28977,0.0288329,80,0.553659,-0.347486,0.042131,81,0.461167,-0.331002,0.0336846,82,0.51079,-0.288865,0.0407929,83,0.507186,-0.286009,0.0380295,84,0.580071,-0.320313,0.0421218,85,0.490713,-0.324066,0.0356253,86,0.44719,-0.31328,0.0345284,87,0.430786,-0.302241,0.0358073,88,0.539021,-0.26065,0.0322936,89,0.487626,-0.284093,0.0360578,90,0.474828,-0.307267,0.0331421,91,0.420445,-0.367228,0.0382888,92,0.569968,-0.319586,0.0404343,93,0.47999,-0.328805,0.0380964,94,0.472493,-0.392178,0.0443152,95,0.473228,-0.294996,0.0321373,96,0.526239,-0.33351,0.033945,97,0.526359,-0.366234,0.0395491,98,0.486755,-0.249995,0.0290358,99,0.473361,-0.286061,0.0289525,
generation,11,0,0.526201,-0.257364,0.0326006,1,0.454911,-0.316581,0.0375561,2,0.528349,-0.350918,0.03408,3,0.495606,-0.339716,0.0290831,4,0.565497,-0.332596,0.0363206,5,0.516436,-0.381515,0.0463178,6,0.581795,-0.318633,0.0287844,7,0.413279,-0.295718,0.0288291,8,0.53706,-0.35962,0.0432782,9,0.481104,-0.351107,0.0286538,10,0.519199,-0.25027,0.042292,11,0.408516,-0.339396,0.0477852,12,0.497196,-0.341765,0.0495428,13,0.503312,-0.340909,0.0290862,14,0.402339,-0.29562,0.0287087,15,0.551375,-0.32348,0.0289572,16,0.507621,-0.299316,0.0357208,17,0.504857,-0.343309,0.0333388,18,0.570793,-0.356475,0.0360228,19,0.473168,-0.376859,0.0288304,20,0.573826,-0.296925,0.0372437,21,0.460801,-0.355971,0.0504308,22,0.443594,-0.30739,0.0455182,23,0.547116,-0.298226,0.032585,24,0.49249,-0.333575,0.0412068,25,0.514021,-0.312818,0.0289849,26,0.528175,-0.35047,0.0434444,27,0.572255,-0.295178,0.032325,28,0.572042,-0.329761,0.0369304,29,0.567299,-0.336311,0.0404165,30,0.468816,-0.296185,0.0338157,31,0.498732,-0.363634,0.0363605,32,0.431175,-0.311628,0.0387263,33,0.449202,-0.297568,0.0365263,34,0.538824,-0.308282,0.028888,35,0.509358,-0.362031,0.0391013,36,0.481663,-0.260315,0.0365715,37,0.50584,-0.249511,0.0287169,38,0.481249,-0.332423,0.0292821,39,0.502322,-0.307326,0.0368668,40,0.467168,-0.279583,0.0399285,41,0.424048,-0.375879,0.0407602,42,0.516227,-0.30707,0.0373836,43,0.532646,-0.331464,0.0446756,44,0.461284,-0.335548,0.0306069,45,0.486074,-0.336915,0.0340163,46,0.509825,-0.285985,0.0483422,47,0.501199,-0.296376,0.0291198,48,0.551512,-0.316804,0.0388617,49,0.455997,-0.370408,0.0407287,50,0.506447,-0.321633,0.0292517,51,0.58718,-0.330386,0.0355978,52,0.579593,-0.259422,0.0319232,53,0.382437,-0.355259,0.0323256,54,0.550563,-0.342482,0.0290239,55,0.585161,-0.350462,0.0408093,56,0.559165,-0.302252,0.0296277,57,0.5768,-0.316624,0.0416683,58,0.468906,-0.334753,0.028794,59,0.558979,-0.247565,0.0467599,60,0.424871,-0.278007,0.0289924,61,0.494505,-0.375161,0.0289602,62,0.449123,-0.253884,0.0400712,63,0.494397,-0.3029,0.0287456,64,0.49472,-0.346478,0.0292032,65,0.422107,-0.298642,0.0430378,66,0.483363,-0.319208,0.0354902,67,0.459919,-0.353357,0.0287001,68,0.468209,-0.287053,0.0397162,69,0.498334,-0.278338,0.0290427,70,0.459237,-0.352623,0.0320648,71,0.499171,-0.302143,0.0343507,72,0.478034,-0.291241,0.0383226,73,0.541794,-0.326625,0.0291149,74,0.539897,-0.324412,0.0413103,75,0.355709,-0.26095,0.0447871,76,0.549691,-0.313527,0.0405015,77,0.466269,-0.308731,0.0287946,78,0.50408,-0.373882,0.0362144,79,0.47155,-0.341944,0.0333725,80,0.472617,-0.314724,0.0398243,81,0.47349,-0.308371,0.038411,82,0.522441,-0.329117,0.0463475,83,0.584365,-0.260763,0.0344058,84,0.483021,-0.298831,0.0418312,85,0.532766,-0.326523,0.0402801,86,0.501729,-0.301352,0.0407457,87,0.550619,-0.358604,0.029506,88,0.484171,-0.375089,0.0311277,89,0.547086,-0.280441,0.0485735,90,0.494942,-0.319422,0.0340747,91,0.563427,-0.277063,0.0288382,92,0.526728,-0.299148,0.037998,93,0.585974,-0.330904,0.0333778,94,0.405334,-0.318518,0.0415393,95,0.49822,-0.286509,0.0310798,96,0.39044,-0.243648,0.0303103,97,0.523322,-0.313933,0.0316668,98,0.474964,-0.342889,0.038805,99,0.516903,-0.319382,0.0301491,
generation,12,0,0.57729,-0.312534,0.0395207,1,0.408171,-0.254983,0.0427908,2,0.519987,-0.305948,0.0427712,3,0.581852,-0.396696,0.0317422,4,0.494322,-0.266212,0.0328494,5,0.517941,-0.274796,0.0364971,6,0.505013,-0.310204,0.0340134,7,0.472673,-0.3152,0.0441499,8,0.430165,-0.258429,0.0292633,9,0.520331,-0.268442,0.0319466,10,0.487776,-0.305626,0.0301965,11,0.45921,-0.32453,0.0394188,12,0.451515,-0.272416,0.035929,13,0.504802,-0.339456,0.0350576,14,0.562272,-0.320712,0.0407652,15,0.561263,-0.359116,0.031546,16,0.475286,-0.303316,0.0300054,17,0.548447,-0.279991,0.0286974,18,0.48156,-0.269067,0.0456611,19,0.436368,-0.265566,0.030481,20,0.487818,-0.324026,0.0405361,21,0.561667,-0.352149,0.042945,22,0.47567,-0.298276,0.0309523,23,0.492183,-0.284559,0.0286096,24,0.521103,-0.35939,0.0301122,25,0.45629,-0.360402,0.0450606,26,0.504933,-0.363362,0.0310528,27,0.5337,-0.344799,0.0288043,28,0.477402,-0.291516,0.0325516,29,0.441524,-0.315237,0.0401181,30,0.564131,-0.345881,0.0315903,31,0.549152,-0.269704,0.03417,32,0.470916,-0.357744,0.0359649,33,0.552904,-0.267375,0.0288612,34,0.497719,-0.327651,0.0296812,35,0.472359,-0.322858,0.0342657,36,0.525218,-0.299665,0.0351772,37,0.551542,-0.379886,0.0362836,38,0.560182,-0.274177,0.0343884,39,0.519774,-0.276246,0.0290549,40,0.57182,-0.329867,0.0378925,41,0.467579,-0.280289,0.0303408,42,0.512661,-0.321296,0.0377675,43,0.547167,-0.290138,0.0344595,44,0.405291,-0.273829,0.0426805,45,0.516184,-0.359014,0.0380313,46,0.403797,-0.353115,0.0558415,47,0.471832,-0.271453,0.0422141,48,0.526131,-0.313189,0.0293639,49,0.480982,-0.356564,0.0348566,50,0.502217,-0.370008,0.0401129,51,0.441424,-0.319338,0.0335241,52,0.432497,-0.311173,0.0311394,53,0.429499,-0.316265,0.0332312,54,0.45679,-0.29837,0.0335058,55,0.494858,-0.321063,0.0300143,56,0.44044,-0.323961,0.0438359,57,0.4942,-0.335942,0.0316689,58,0.516161,-0.352576,0.0337153,59,0.529476,-0.347944,0.0485041,60,0.510963,-0.266543,0.0369373,61,0.514514,-0.289322,0.0381125,62,0.452089,-0.311991,0.029087,63,0.456735,-0.27689,0.0309853,64,0.454911,-0.326055,0.0332522,65,0.467776,-0.279402,0.0349207,66,0.475409,-0.326634,0.0309026,67,0.436615,-0.32007,0.0376084,68,0.564886,-0.27036,0.0483595,69,0.438484,-0.338321,0.0421326,70,0.542719,-0.298772,0.0318049,71,0.498168,-0.325877,0.0465398,72,0.500385,-0.314995,0.0407106,73,0.483064,-0.275292,0.0311641,74,0.408194,-0.264548,0.0288052,75,0.430557,-0.25864,0.0395537,76,0.445381,-0.345712,0.0396911,77,0.466587,-0.263205,0.0297829,78,0.50296,-0.341225,0.0288003,79,0.447169,-0.339331,0.0317859,80,0.447357,-0.305993,0.0302912,81,0.497229,-0.392304,0.0311875,82,0.539365,-0.252096,0.0354446,83,0.433486,-0.379094,0.0326687,84,0.470671,-0.298505,0.0336703,85,0.516931,-0.276005,0.0444302,86,0.537832,-0.294021,0.0442088,87,0.469116,-0.297554,0.0343465,88,0.569291,-0.273534,0.0430956,89,0.475646,-0.333058,0.0347528,90,0.506029,-0.333041,0.0358926,91,0.479883,-0.342948,0.0336995,92,0.533885,-0.245401,0.0288634,93,0.543605,-0.33473,0.0305016,94,0.475812,-0.318066,0.0457163,95,0.422791,-0.258658,0.0316298,96,0.555279,-0.239673,0.0337498,97,0.557031,-0.301271,0.04525,98,0.466056,-0.278112,0.0289373,99,0.462965,-0.296684,0.037682,
generation,13,0,0.506733,-0.27948,0.043329,1,0.517804,-0.364777,0.0347226,2,0.505848,-0.340353,0.0287796,3,0.406691,-0.277951,0.0314944,4,0.507556,-0.328539,0.0286294,5,0.494806,-0.311713,0.0310665,6,0.471461,-0.309175,0.0308398,7,0.447574,-0.354768,0.0336518,8,0.584709,-0.263608,0.0337428,9,0.469311,-0.311763,0.0335888,10,0.478429,-0.30507,0.0292518,11,0.470441,-0.342979,0.0548052,12,0.636809,-0.341833,0.0334126,13,0.579859,-0.270442,0.0300804,14,0.438506,-0.298238,0.0287254,15,0.424755,-0.267884,0.0293499,16,0.478986,-0.305289,0.0320685,17,0.463065,-0.350503,0.0401273,18,0.49047,-0.318884,0.0395159,19,0.4798,-0.345442,0.0296497,20,0.531757,-0.295895,0.0353278,21,0.553365,-0.319842,0.0308408,22,0.455977,-0.383831,0.0389361,23,0.464188,-0.367387,0.0417729,24,0.570638,-0.276303,0.0383129,25,0.455125,-0.319968,0.0299597,26,0.589538,-0.30259,0.044205,27,0.524551,-0.298875,0.0377573,28,0.485834,-0.374405,0.0506563,29,0.503283,-0.239389,0.0346178,30,0.515091,-0.266126,0.0354952,31,0.562162,-0.306913,0.0410562,32,0.573655,-0.279428,0.033775,33,0.464987,-0.332915,0.0468813,34,0.487417,-0.270616,0.0456275,35,0.598598,-0.312367,0.0425612,36,0.460866,-0.314439,0.0546541,37,0.422591,-0.257206,0.0304782,38,0.420457,-0.259806,0.0305368,39,0.636504,-0.336755,0.029481,40,0.524325,-0.308946,0.0502075,41,0.491785,-0.392877,0.0357989,42,0.571489,-0.299047,0.0314325,43,0.48118,-0.24948,0.0337666,44,0.48599,-0.34538,0.0405939,45,0.553209,-0.384733,0.0484498,46,0.521997,-0.356281,0.0365162,47,0.439184,-0.258454,0.039969,48,0.500469,-0.307326,0.0308037,49,0.419948,-0.309648,0.0286427,50,0.420723,-0.277469,0.0416557,51,0.422571,-0.290509,0.0502631,52,0.4695,-0.308934,0.0320045,53,0.427105,-0.240913,0.0362519,54,0.55979,-0.350163,0.0335511,55,0.549426,-0.304948,0.0333623,56,0.457915,-0.326447,0.0415031,57,0.502191,-0.361609,0.0376931,58,0.494169,-0.332958,0.0289831,59,0.448068,-0.395497,0.0313058,60,0.640753,-0.288895,0.0389917,61,0.521469,-0.363005,0.0295504,62,0.430727,-0.294313,0.0289085,63,0.522177,-0.290364,0.0308451,64,0.489661,-0.315458,0.0295885,65,0.407856,-0.320571,0.0291921,66,0.471571,-0.244115,0.0293381,67,0.554913,-0.289082,0.0328076,68,0.454543,-0.256476,0.0288833,69,0.571031,-0.315306,0.0300549,70,0.516366,-0.270746,0.0453959,71,0.528548,-0.300025,0.0501195,72,0.500419,-0.248356,0.0359153,73,0.401569,-0.326709,0.0459805,74,0.502193,-0.27198,0.0489714,75,0.496389,-0.346348,0.0426147,76,0.516915,-0.323313,0.046807,77,0.475018,-0.286454,0.0477936,78,0.397482,-0.298739,0.0289499,79,0.482231,-0.392157,0.0374225,80,0.417473,-0.3339,0.0456124,81,0.546681,-0.260235,0.0468568,82,0.506335,-0.306149,0.0446315,83,0.520112,-0.340038,0.0320075,84,0.532832,-0.293706,0.0299575,85,0.407531,-0.301836,0.0327718,86,0.338812,-0.263448,0.0511177,87,0.508905,-0.285799,0.0314028,88,0.461584,-0.303384,0.0405421,89,0.503862,-0.248771,0.0424368,90,0.53586,-0.313574,0.0292689,91,0.522085,-0.331026,0.0287803,92,0.489337,-0.301851,0.0314299,93,0.482929,-0.310573,0.0361833,94,0.466444,-0.374312,0.0402003,95,0.535254,-0.293323,0.0301405,96,0.507464,-0.324201,0.0444442,97,0.619787,-0.335311,0.0368293,98,0.547398,-0.332083,0.0378162,99,0.532248,-0.299845,0.0401295,
generation,14,0,0.473677,-0.271576,0.0363036,1,0.445816,-0.360799,0.034412,2,0.482836,-0.317559,0.0458577,3,0.48732,-0.334257,0.0326574,4,0.562215,-0.357681,0.0409298,5,0.539306,-0.318898,0.0295424,6,0.510666,-0.359729,0.0419725,7,0.459317,-0.311445,0.0374215,8,0.608887,-0.385264,0.0350068,9,0.543182,-0.322087,0.0359548,10,0.555492,-0.362528,0.0394818,11,0.535186,-0.367206,0.0312933,12,0.379194,-0.28773,0.031234,13,0.478938,-0.297936,0.0432197,14,0.5085,-0.329682,0.0316859,15,0.545207,-0.312983,0.0326838,16,0.520646,-0.314923,0.0337308,17,0.475103,-0.332065,0.0450995,18,0.55104,-0.304506,0.0474956,19,0.562335,-0.299973,0.0411898,20,0.487513,-0.291581,0.0438868,21,0.434329,-0.322861,0.0292146,22,0.55656,-0.367257,0.0389904,23,0.50652,-0.307756,0.0359385,24,0.479562,-0.289795,0.0305365,25,0.579286,-0.267821,0.0302034,26,0.490401,-0.305115,0.0354064,27,0.457721,-0.355489,0.0409078,28,0.545701,-0.387635,0.034314,29,0.546936,-0.325501,0.040525,30,0.533273,-0.32213,0.0427978,31,0.487622,-0.331666,0.028964,32,0.601704,-0.331512,0.037989,33,0.523089,-0.291113,0.040564,34,0.584089,-0.361241,0.0430205,35,0.590269,-0.316957,0.0411899,36,0.364373,-0.3491,0.0374493,37,0.435828,-0.305841,0.0453639,38,0.475798,-0.349149,0.0407823,39,0.54175,-0.341384,0.0344056,40,0.482273,-0.348259,0.035001,41,0.514873,-0.366817,0.0308323,42,0.451541,-0.301249,0.0355283,43,0.530343,-0.35352,0.0324673,44,0.538188,-0.32183,0.0304783,45,0.532504,-0.369193,0.0415576,46,0.47795,-0.287616,0.0300112,47,0.404071,-0.322625,0.0484413,48,0.472579,-0.316903,0.0368527,49,0.457717,-0.327616,0.0307629,50,0.418913,-0.257631,0.0381257,51,0.582627,-0.264103,0.0337908,52,0.557215,-0.32408,0.0317727,53,0.518302,-0.307991,0.029463,54,0.535354,-0.256714,0.0301929,55,0.568986,-0.298397,0.0296261,56,0.51469,-0.280459,0.0426811,57,0.590347,-0.301785,0.0387964,58,0.500176,-0.348095,0.0434403,59,0.550548,-0.347881,0.0364915,60,0.557426,-0.2458,0.0387034,61,0.507366,-0.294472,0.0451186,62,0.490251,-0.322561,0.0390828,63,0.396021,-0.336471,0.0380119,64,0.489073,-0.376123,0.0359154,65,0.50882,-0.317438,0.0394139,66,0.457585,-0.351022,0.0424599,67,0.503698,-0.276511,0.0336797,68,0.47621,-0.350153,0.0287251,69,0.515804,-0.338115,0.0346018,70,0.363871,-0.256331,0.0338743,71,0.53627,-0.265799,0.030381,72,0.537278,-0.357922,0.0455883,73,0.436137,-0.375562,0.037634,74,0.528023,-0.351434,0.0380586,75,0.651194,-0.33005,0.0327817,76,0.507514,-0.354654,0.0398681,77,0.542863,-0.361602,0.0289685,78,0.512972,-0.348615,0.033425,79,0.557101,-0.337834,0.0459448,80,0.624168,-0.362352,0.0524016,81,0.544244,-0.266987,0.0507502,82,0.440609,-0.292773,0.0394925,83,0.427231,-0.247275,0.037821,84,0.566065,-0.278501,0.0289557,85,0.49203,-0.292677,0.0417056,86,0.528599,-0.310827,0.0451243,87,0.580007,-0.358131,0.0372868,88,0.614108,-0.29433,0.0308414,89,0.554429,-0.306477,0.0294808,90,0.429167,-0.376132,0.0307148,91,0.528172,-0.332441,0.0288872,92,0.597894,-0.2846,0.0290927,93,0.544003,-0.269328,0.0329266,94,0.498724,-0.299066,0.0294706,95,0.591179,-0.296814,0.0377382,96,0.473699,-0.281894,0.0306536,97,0.45219,-0.346467,0.0420967,98,0.486686,-0.37887,0.0286233,99,0.409694,-0.274434,0.0309477,
generation,15,0,0.545061,-0.313237,0.0341311,1,0.390206,-0.270742,0.0375472,2,0.602771,-0.25805,0.0294591,3,0.488868,-0.327914,0.030575,4,0.610008,-0.302797,0.0373382,5,0.491625,-0.322437,0.0515451,6,0.454464,-0.394685,0.0406577,7,0.485438,-0.287538,0.02911,8,0.417547,-0.339668,0.0530835,9,0.512605,-0.292213,0.028838,10,0.485353,-0.318843,0.0285791,11,0.527198,-0.257698,0.0290382,12,0.495359,-0.283554,0.0458022,13,0.469143,-0.289215,0.0305957,14,0.544818,-0.31313,0.0501733,15,0.555133,-0.309936,0.0375972,16,0.45554,-0.303525,0.0320733,17,0.501817,-0.340509,0.0344372,18,0.46902,-0.355946,0.0292061,19,0.489152,-0.321374,0.0390971,20,0.532764,-0.328548,0.0409598,21,0.466738,-0.278674,0.0324636,22,0.442004,-0.373841,0.0352131,23,0.464529,-0.342389,0.0366449,24,0.606283,-0.310164,0.0296324,25,0.504201,-0.32891,0.0291178,26,0.475473,-0.389445,0.0388256,27,0.473632,-0.280951,0.0450322,28,0.550078,-0.3529,0.0424191,29,0.458492,-0.336796,0.0386346,30,0.445985,-0.274609,0.0290133,31,0.463666,-0.295191,0.0327349,32,0.475064,-0.283439,0.0422689,33,0.578789,-0.288581,0.0330406,34,0.486441,-0.296278,0.0316182,35,0.578237,-0.281535,0.0357608,36,0.47286,-0.3381,0.0537593,37,0.427842,-0.316858,0.0349135,38,0.477688,-0.278859,0.0291594,39,0.452489,-0.263651,0.0355391,40,0.575003,-0.329,0.0342297,41,0.507079,-0.331384,0.0293147,42,0.456803,-0.267773,0.0310753,43,0.573141,-0.291555,0.0339986,44,0.470923,-0.328761,0.0428901,45,0.512026,-0.331997,0.0409858,46,0.508771,-0.294278,0.0294947,47,0.466763,-0.266253,0.0293828,48,0.546302,-0.300596,0.0298426,49,0.442151,-0.311106,0.0344608,50,0.492351,-0.316312,0.0304343,51,0.512914,-0.363229,0.0302748,52,0.587599,-0.278361,0.0330042,53,0.483086,-0.363055,0.0465257,54,0.42507,-0.308207,0.0290658,55,0.497014,-0.267258,0.02919,56,0.52054,-0.307645,0.0424696,57,0.416264,-0.300981,0.0573759,58,0.409554,-0.298465,0.0389099,59,0.441876,-0.36026,0.0384576,60,0.513918,-0.284317,0.0296794,61,0.591486,-0.364285,0.0290431,62,0.477438,-0.302053,0.032594,63,0.532757,-0.354001,0.0350684,64,0.586006,-0.34851,0.029685,65,0.464608,-0.304381,0.0369994,66,0.414292,-0.274809,0.0384968,67,0.53752,-0.286051,0.0432965,68,0.45849,-0.337826,0.0289231,69,0.547622,-0.354309,0.0292667,70,0.544686,-0.325408,0.039635,71,0.553779,-0.279742,0.0343835,72,0.515064,-0.32474,0.0375537,73,0.559326,-0.299324,0.029212,74,0.462331,-0.286848,0.0339686,75,0.424939,-0.262781,0.0447653,76,0.506689,-0.300099,0.0322657,77,0.432403,-0.37777,0.0409859,78,0.573203,-0.373919,0.0346833,79,0.488176,-0.262993,0.0370317,80,0.607877,-0.341324,0.0347558,81,0.519431,-0.365569,0.0457095,82,0.514615,-0.270047,0.0287784,83,0.517718,-0.34343,0.0468532,84,0.554168,-0.291119,0.0361399,85,0.51685,-0.247529,0.0354144,86,0.509618,-0.273131,0.0292175,87,0.456793,-0.29697,0.0381192,88,0.513346,-0.28872,0.0439348,89,0.541663,-0.270657,0.0402582,90,0.48046,-0.31474,0.0309887,91,0.476879,-0.385112,0.0462929,92,0.550004,-0.298231,0.0434083,93,0.504503,-0.286601,0.0379841,94,0.431661,-0.28805,0.0382137,95,0.386754,-0.275369,0.0337104,96,0.505507,-0.348736,0.0403739,97,0.519796,-0.29699,0.0319161,98,0.604212,-0.307016,0.0287913,99,0.52833,-0.275791,0.0452973,
generation,16,0,0.514903,-0.255439,0.0316229,1,0.523638,-0.367141,0.0314815,2,0.526479,-0.262087,0.0402023,3,0.46393,-0.291971,0.029463,4,0.490843,-0.357974,0.0368989,5,0.483454,-0.294693,0.0455154,6,0.427154,-0.280713,0.0323935,7,0.505457,-0.360897,0.0287187,8,0.507149,-0.26944,0.0317229,9,0.5209,-0.329203,0.0292342,10,0.421903,-0.338176,0.0360841,11,0.37443,-0.276694,0.033319,12,0.535788,-0.265398,0.0288706,13,0.555513,-0.330341,0.0297922,14,0.426127,-0.252434,0.031261,15,0.427515,-0.277806,0.0509618,16,0.536617,-0.328385,0.0393922,17,0.495995,-0.33598,0.0415587,18,0.439994,-0.291934,0.0348106,19,0.543063,-0.273157,0.0436578,20,0.458706,-0.255865,0.0319884,21,0.46613,-0.293186,0.0328451,22,0.547145,-0.3318,0.0304127,23,0.50233,-0.381523,0.0339478,24,0.551174,-0.279725,0.0362479,25,0.541551,-0.320738,0.029038,26,0.505099,-0.272931,0.0299899,27,0.508252,-0.274594,0.0379007,28,0.521805,-0.372195,0.0507803,29,0.503967,-0.26144,0.0340642,30,0.467677,-0.273729,0.0359997,31,0.545078,-0.333155,0.0322228,32,0.497236,-0.354071,0.0288911,33,0.478149,-0.370719,0.0328633,34,0.506032,-0.339205,0.0319128,35,0.553685,-0.253573,0.0320458,36,0.439332,-0.347154,0.0372623,37,0.417768,-0.260353,0.0295045,38,0.52274,-0.312741,0.0300767,39,0.453955,-0.313449,0.040277,40,0.495916,-0.281119,0.0409649,41,0.491454,-0.342002,0.029212,42,0.515423,-0.366744,0.0418585,43,0.472544,-0.36207,0.0373082,44,0.510917,-0.337202,0.0362234,45,0.479135,-0.278689,0.0300822,46,0.436486,-0.322977,0.0423329,47,0.508897,-0.332149,0.0311228,48,0.488449,-0.309307,0.0366781,49,0.55172,-0.312628,0.0300491,50,0.393382,-0.330449,0.0355618,51,0.446554,-0.249822,0.0484196,52,0.56644,-0.30144,0.0326609,53,0.511912,-0.283394,0.0303253,54,0.523498,-0.299095,0.0415768,55,0.45556,-0.246178,0.0358666,56,0.596752,-0.273256,0.030669,57,0.441197,-0.307714,0.0359862,58,0.502298,-0.288598,0.0287497,59,0.510169,-0.286746,0.0291481,60,0.516038,-0.294403,0.0288511,61,0.500312,-0.241336,0.0345258,62,0.418629,-0.254795,0.0310616,63,0.519015,-0.370253,0.0334951,64,0.555104,-0.250518,0.0290088,65,0.563837,-0.381437,0.0324634,66,0.550792,-0.385027,0.0343085,67,0.402679,-0.275705,0.0331949,68,0.518769,-0.343924,0.0292923,69,0.485,-0.36548,0.0381405,70,0.396824,-0.245778,0.038269,71,0.500142,-0.284072,0.0349136,72,0.480278,-0.328619,0.0288898,73,0.439249,-0.2952,0.0406867,74,0.492241,-0.341115,0.0415126,75,0.500895,-0.321307,0.0399031,76,0.484167,-0.308639,0.0440998,77,0.555528,-0.31163,0.0419025,78,0.4733,-0.356966,0.0288338,79,0.381167,-0.271188,0.0301676,80,0.456475,-0.261654,0.0373723,81,0.558229,-0.31425,0.0306735,82,0.505014,-0.3953,0.0287498,83,0.469209,-0.270947,0.0399161,84,0.515417,-0.29728,0.031492,85,0.547627,-0.290268,0.0445036,86,0.529072,-0.363918,0.0289042,87,0.470649,-0.366058,0.0391814,88,0.546746,-0.256876,0.0308867,89,0.558292,-0.297929,0.0413316,90,0.494097,-0.298053,0.0430285,91,0.55615,-0.338163,0.033367,92,0.557661,-0.27909,0.0433011,93,0.587548,-0.276719,0.0330062,94,0.574053,-0.264969,0.0295034,95,0.532597,-0.344373,0.0414899,96,0.45929,-0.25884,0.031723,97,0.495737,-0.274538,0.0315657,98,0.562656,-0.314041,0.0304191,99,0.49246,-0.340046,0.0402254,
generation,17,0,0.412505,-0.379068,0.0450325,1,0.470802,-0.284945,0.0371478,2,0.552859,-0.271416,0.0325618,3,0.496589,-0.286204,0.0341022,4,0.481878,-0.342132,0.0390945,5,0.591025,-0.264093,0.0287506,6,0.516609,-0.330804,0.0439883,7,0.471113,-0.292161,0.029073,8,0.491961,-0.362436,0.0332479,9,0.370601,-0.337313,0.0362776,10,0.42533,-0.259079,0.0321625,11,0.517116,-0.351395,0.0340959,12,0.50006,-0.2812,0.0296039,13,0.451665,-0.316861,0.0345974,14,0.449429,-0.290424,0.0303259,15,0.454112,-0.320083,0.0414891,16,0.538682,-0.267629,0.0373745,17,0.463641,-0.336272,0.0399373,18,0.501299,-0.2529,0.0373984,19,0.513937,-0.33019,0.0562972,20,0.44929,-0.350656,0.0379846,21,0.501442,-0.327819,0.0291445,22,0.473684,-0.264326,0.0386707,23,0.564832,-0.286808,0.0367208,24,0.441879,-0.266156,0.0516628,25,0.496805,-0.280037,0.0384804,26,0.503204,-0.299853,0.0385407,27,0.590076,-0.384658,0.0374954,28,0.488183,-0.338683,0.02983,29,0.497893,-0.297721,0.0331242,30,0.474888,-0.293818,0.0319356,31,0.453568,-0.304699,0.0290739,32,0.430934,-0.358337,0.049089,33,0.524647,-0.340961,0.0328582,34,0.500536,-0.301958,0.034493,35,0.586615,-0.363596,0.0325548,36,0.593669,-0.33642,0.0286374,37,0.576391,-0.378187,0.031909,38,0.547479,-0.298105,0.0558047,39,0.468024,-0.283985,0.0287628,40,0.494612,-0.304333,0.0319858,41,0.498498,-0.272431,0.0305129,42,0.482318,-0.317277,0.0286145,43,0.5763,-0.315346,0.0426974,44,0.404139,-0.279175,0.0335379,45,0.466436,-0.304228,0.0337396,46,0.600781,-0.337833,0.0327074,47,0.354843,-0.25288,0.0299986,48,0.484387,-0.323212,0.0398909,49,0.46645,-0.262594,0.038765,50,0.474279,-0.304356,0.0357658,51,0.45037,-0.26594,0.0302305,52,0.509992,-0.370285,0.0302845,53,0.480048,-0.291659,0.0299049,54,0.504232,-0.315521,0.0295386,55,0.448554,-0.267645,0.037876,56,0.526904,-0.361981,0.033514,57,0.619087,-0.279462,0.0461219,58,0.486067,-0.283262,0.0352979,59,0.541197,-0.298095,0.0375833,60,0.452199,-0.267415,0.0397178,61,0.542593,-0.287861,0.0357508,62,0.434334,-0.300318,0.0342741,63,0.497826,-0.335377,0.0304723,64,0.484332,-0.331854,0.032949,65,0.470158,-0.301581,0.044158,66,0.499232,-0.379767,0.0290661,67,0.550796,-0.325312,0.0322605,68,0.516487,-0.351623,0.0309275,69,0.458665,-0.360988,0.0413014,70,0.464336,-0.278487,0.0300508,71,0.377685,-0.320596,0.0297666,72,0.500537,-0.309779,0.0304707,73,0.546507,-0.337619,0.0324897,74,0.447735,-0.295379,0.0357549,75,0.457846,-0.268705,0.0324205,76,0.557323,-0.392833,0.0522179,77,0.344022,-0.285242,0.0343076,78,0.595005,-0.377858,0.0465309,79,0.397826,-0.381532,0.040487,80,0.523381,-0.293798,0.0337124,81,0.528255,-0.270364,0.0466072,82,0.501758,-0.294949,0.0356283,83,0.44531,-0.281055,0.0288715,84,0.461224,-0.241411,0.0293895,85,0.565229,-0.382587,0.0290175,86,0.56013,-0.342616,0.0367409,87,0.480986,-0.276957,0.0288215,88,0.517476,-0.310535,0.0378576,89,0.458748,-0.267118,0.0291122,90,0.525304,-0.33655,0.0348555,91,0.557614,-0.298835,0.0288025,92,0.515513,-0.330282,0.056854,93,0.45995,-0.27218,0.0289907,94,0.471759,-0.309258,0.0444672,95,0.555452,-0.286964,0.0305917,96,0.470345,-0.262585,0.0393294,97,0.504869,-0.277126,0.0297576,98,0.51479,-0.379448,0.0311417,99,0.49838,-0.311833,0.0311987,
generation,18,0,0.542327,-0.345398,0.032484,1,0.469592,-0.320867,0.0356807,2,0.499822,-0.290444,0.0378443,3,0.455902,-0.317647,0.0345034,4,0.514746,-0.340394,0.0362533,5,0.57452,-0.292898,0.0333815,6,0.399827,-0.26554,0.0319377,7,0.475498,-0.336553,0.0369603,8,0.498228,-0.288947,0.0315716,9,0.558323,-0.264787,0.0288421,10,0.511835,-0.278613,0.0488329,11,0.500109,-0.300129,0.0359895,12,0.447435,-0.334609,0.0286464,13,0.460918,-0.342667,0.0288633,14,0.383078,-0.391805,0.030396,15,0.570022,-0.367837,0.0311802,16,0.424577,-0.317364,0.0290698,17,0.540993,-0.281555,0.0351049,18,0.50681,-0.312242,0.028725,19,0.51083,-0.355595,0.0460027,20,0.383838,-0.261572,0.0378215,21,0.429707,-0.293025,0.0290247,22,0.497701,-0.251752,0.0291953,23,0.461602,-0.349315,0.0366529,24,0.393983,-0.271993,0.0294747,25,0.553254,-0.267232,0.0436781,26,0.433827,-0.307405,0.0354536,27,0.529786,-0.274059,0.0324137,28,0.514078,-0.316913,0.0297383,29,0.483451,-0.316273,0.0412679,30,0.490285,-0.318552,0.0441202,31,0.559641,-0.307908,0.0404306,32,0.573876,-0.29058,0.0291873,33,0.496779,-0.260366,0.0289947,34,0.591187,-0.315433,0.0337765,35,0.450416,-0.31561,0.0338698,36,0.502558,-0.365903,0.0413949,37,0.452529,-0.335627,0.038079,38,0.489614,-0.268013,0.0291212,39,0.534802,-0.257385,0.032787,40,0.596594,-0.309334,0.0533012,41,0.521229,-0.341511,0.0384819,42,0.494191,-0.283752,0.0335079,43,0.5254,-0.293724,0.0340194,44,0.54726,-0.256379,0.0299602,45,0.580417,-0.323669,0.0287394,46,0.544771,-0.313781,0.0293264,47,0.476595,-0.310265,0.0288029,48,0.496689,-0.328574,0.0337257,49,0.565209,-0.279864,0.0396293,50,0.528996,-0.297517,0.0395025,51,0.406974,-0.272732,0.0322104,52,0.470547,-0.292371,0.0416958,53,0.560618,-0.388609,0.0304451,54,0.538729,-0.332955,0.0390272,55,0.597059,-0.357987,0.0287159,56,0.477424,-0.315246,0.0358123,57,0.558475,-0.264532,0.0345693,58,0.454561,-0.275313,0.0286481,59,0.497601,-0.339837,0.0310714,60,0.631378,-0.246939,0.0454843,61,0.441046,-0.247085,0.0314953,62,0.457359,-0.273344,0.030875,63,0.527678,-0.345753,0.0287588,64,0.483475,-0.258894,0.0290366,65,0.513966,-0.294437,0.0412157,66,0.556572,-0.292303,0.0374574,67,0.441731,-0.269916,0.0330668,68,0.421078,-0.300551,0.0311887,69,0.562027,-0.317604,0.0298629,70,0.405262,-0.263656,0.0299429,71,0.512864,-0.348226,0.0335021,72,0.464345,-0.309102,0.038968,73,0.426863,-0.325173,0.0287742,74,0.375278,-0.296286,0.0380166,75,0.476991,-0.315261,0.0287432,76,0.42748,-0.382427,0.0326413,77,0.529502,-0.370745,0.0360943,78,0.399025,-0.29097,0.0304398,79,0.486092,-0.335015,0.0288144,80,0.48302,-0.297469,0.0503284,81,0.415919,-0.317672,0.0385853,82,0.538991,-0.386705,0.0288263,83,0.401881,-0.308659,0.0388347,84,0.475536,-0.281031,0.0545837,85,0.446525,-0.262899,0.0308228,86,0.409144,-0.243954,0.0286771,87,0.488846,-0.289851,0.0424255,88,0.409715,-0.305248,0.0431539,89,0.622461,-0.261656,0.042114,90,0.459854,-0.286913,0.0316178,91,0.548904,-0.294073,0.0311764,92,0.510297,-0.304385,0.0290152,93,0.420307,-0.277298,0.0332973,94,0.43217,-0.2907,0.037264,95,0.563767,-0.282863,0.0427802,96,0.452556,-0.316779,0.0348794,97,0.45819,-0.314585,0.0294118,98,0.435993,-0.25682,0.0292386,99,0.426572,-0.260303,0.0330646,
generation,19,0,0.477404,-0.328212,0.037136,1,0.529143,-0.308337,0.0291853,2,0.462287,-0.325952,0.0360798,3,0.476031,-0.361563,0.0395556,4,0.465489,-0.272488,0.0378669,5,0.553977,-0.316303,0.0398601,6,0.460683,-0.333566,0.0349735,7,0.507982,-0.322481,0.0294009,8,0.484988,-0.263274,0.0320243,9,0.559207,-0.300163,0.0305016,10,0.422055,-0.339983,0.0285609,11,0.503013,-0.312886,0.0385556,12,0.395151,-0.326256,0.0315803,13,0.475674,-0.291108,0.0285775,14,0.489331,-0.285469,0.0289134,15,0.403352,-0.311854,0.0556605,16,0.518628,-0.30807,0.0314259,17,0.561828,-0.310645,0.0378521,18,0.570011,-0.312064,0.0342864,19,0.444884,-0.295901,0.0374544,20,0.52073,-0.318203,0.029835,21,0.479861,-0.314546,0.0296549,22,0.482042,-0.278156,0.0453449,23,0.480996,-0.274408,0.0323293,24,0.574044,-0.312116,0.0290305,25,0.507054,-0.375121,0.0348893,26,0.53816,-0.351301,0.0295871,27,0.501145,-0.314684,0.0289842,28,0.466458,-0.323458,0.0295997,29,0.464421,-0.327024,0.0418532,30,0.53807,-0.312361,0.0338669,31,0.517784,-0.309989,0.0382625,32,0.488595,-0.288529,0.0287517,33,0.54996,-0.281842,0.0327495,34,0.545207,-0.320866,0.0421755,35,0.415451,-0.276688,0.0311164,36,0.364785,-0.311861,0.0393013,37,0.622359,-0.381478,0.0468082,38,0.535778,-0.259975,0.0286584,39,0.38,-0.315435,0.036662,40,0.520495,-0.296208,0.0292799,41,0.443103,-0.317025,0.048146,42,0.67575,-0.282521,0.0302634,43,0.591939,-0.269223,0.0386048,44,0.458441,-0.347848,0.0324719,45,0.466341,-0.310713,0.030671,46,0.459363,-0.346223,0.0323732,47,0.53475,-0.262287,0.0435151,48,0.475099,-0.405746,0.0398619,49,0.487533,-0.288912,0.0369498,50,0.462274,-0.287035,0.0441319,51,0.48623,-0.358175,0.0289244,52,0.547123,-0.35123,0.036763,53,0.503141,-0.27113,0.0347186,54,0.484718,-0.310514,0.0316373,55,0.492808,-0.332314,0.0336572,56,0.47776,-0.335637,0.0337615,57,0.469845,-0.375483,0.0588636,58,0.503933,-0.384331,0.0323075,59,0.532364,-0.269588,0.0302399,60,0.484605,-0.35596,0.0397049,61,0.560675,-0.325383,0.0379427,62,0.517191,-0.272369,0.0294174,63,0.493039,-0.283384,0.0311258,64,0.45712,-0.26566,0.0290117,65,0.518889,-0.275618,0.0369502,66,0.406762,-0.38805,0.0431063,67,0.493343,-0.29984,0.0360125,68,0.613112,-0.301585,0.033,69,0.477467,-0.283731,0.0326896,70,0.493108,-0.29625,0.0411997,71,0.450948,-0.284591,0.0354592,72,0.594382,-0.27453,0.0458942,73,0.447071,-0.322907,0.0328327,74,0.476213,-0.323861,0.0290391,75,0.464546,-0.339853,0.0425287,76,0.532117,-0.306331,0.0372929,77,0.421809,-0.288872,0.0328329,78,0.462795,-0.389667,0.0435714,79,0.474223,-0.2814,0.03278,80,0.463502,-0.322002,0.0441947,81,0.453339,-0.25636,0.0404686,82,0.451192,-0.31767,0.0325595,83,0.430576,-0.268748,0.0299123,84,0.388527,-0.312123,0.0363775,85,0.487611,-0.348159,0.0504584,86,0.422226,-0.276905,0.0388272,87,0.529619,-0.29847,0.0352631,88,0.369408,-0.353258,0.0439914,89,0.520896,-0.301255,0.0291678,90,0.463728,-0.336742,0.0374166,91,0.516676,-0.365929,0.0336698,92,0.573033,-0.277054,0.0397716,93,0.515397,-0.332085,0.0318628,94,0.499773,-0.282224,0.0383258,95,0.505631,-0.255858,0.0310492,96,0.532846,-0.258852,0.02902,97,0.502695,-0.331107,0.0295882,98,0.45195,-0.245775,0.0348972,99,0.52751,-0.333193,0.0386806,
generation,20,0,0.519669,-0.337242,0.0287111,1,0.541283,-0.29867,0.0297342,2,0.468813,-0.340147,0.0315998,3,0.441548,-0.33839,0.0320848,4,0.50854,-0.265919,0.058821,5,0.48241,-0.332657,0.0354955,6,0.586941,-0.250648,0.0344729,7,0.336626,-0.230511,0.0322758,8,0.59646,-0.324664,0.0290291,9,0.497466,-0.296801,0.0366907,10,0.455149,-0.288821,0.0289196,11,0.459493,-0.311341,0.0453248,12,0.500035,-0.356225,0.0287695,13,0.532594,-0.255462,0.0317594,14,0.458048,-0.263794,0.0367159,15,0.508316,-0.346855,0.0294226,16,0.469243,-0.340584,0.0368977,17,0.48054,-0.316059,0.02904,18,0.474366,-0.286587,0.0404524,19,0.564091,-0.327415,0.0364724,20,0.492525,-0.366352,0.0337994,21,0.453915,-0.307688,0.0341846,22,0.519313,-0.303675,0.0321668,23,0.466559,-0.334467,0.038842,24,0.504866,-0.300725,0.0328029,25,0.608378,-0.267799,0.0353673,26,0.454247,-0.31905,0.0427735,27,0.429849,-0.361293,0.0351852,28,0.571032,-0.314413,0.030019,29,0.508859,-0.29326,0.0515207,30,0.404031,-0.338671,0.0391273,31,0.507772,-0.290882,0.0330608,32,0.490852,-0.275586,0.0327011,33,0.566708,-0.261365,0.0368143,34,0.548807,-0.328343,0.0369568,35,0.514309,-0.327798,0.0288925,36,0.597657,-0.359383,0.0320198,37,0.559547,-0.322076,0.0352993,38,0.475856,-0.395174,0.0364325,39,0.496583,-0.273372,0.0336224,40,0.546296,-0.243306,0.0290445,41,0.461273,-0.302117,0.0297465,42,0.544286,-0.294898,0.028757,43,0.526537,-0.377767,0.0298454,44,0.455535,-0.316368,0.0393165,45,0.600565,-0.243685,0.0363556,46,0.50205,-0.249509,0.0361463,47,0.450242,-0.272669,0.0287337,48,0.647881,-0.323477,0.029222,49,0.504678,-0.276198,0.0326281,50,0.486788,-0.293057,0.0288276,51,0.551374,-0.28453,0.0289592,52,0.557383,-0.323906,0.0414299,53,0.503826,-0.317461,0.0491697,54,0.51706,-0.275357,0.0355074,55,0.500777,-0.275526,0.0368525,56,0.503016,-0.268779,0.0395623,57,0.552197,-0.286492,0.0351864,58,0.446809,-0.309954,0.0360867,59,0.447471,-0.263581,0.0290567,60,0.479533,-0.357821,0.0287178,61,0.489693,-0.275773,0.0388874,62,0.56944,-0.281118,0.0338169,63,0.566549,-0.263198,0.0298867,64,0.639211,-0.29699,0.0373966,65,0.508522,-0.313614,0.0363282,66,0.486799,-0.267479,0.0294258,67,0.552951,-0.283721,0.0316458,68,0.587016,-0.244824,0.0309985,69,0.466131,-0.302843,0.0383278,70,0.483913,-0.350895,0.0335632,71,0.487566,-0.384917,0.0355952,72,0.451478,-0.352093,0.0309008,73,0.456889,-0.338783,0.0288482,74,0.446833,-0.389705,0.035043,75,0.553578,-0.373331,0.0285996,76,0.432841,-0.269945,0.0302966,77,0.414206,-0.300029,0.0310672,78,0.45223,-0.238576,0.0326373,79,0.527889,-0.333506,0.0405534,80,0.470874,-0.289648,0.0357672,81,0.45006,-0.334944,0.0302066,82,0.475247,-0.309133,0.0499704,83,0.567316,-0.342443,0.0290736,84,0.456248,-0.268741,0.0416489,85,0.497791,-0.351666,0.034518,86,0.459675,-0.268601,0.0304452,87,0.480487,-0.29522,0.0352423,88,0.527484,-0.329683,0.0455695,89,0.475258,-0.33514,0.0291697,90,0.462873,-0.273091,0.0347012,91,0.430584,-0.315467,0.0333644,92,0.586481,-0.31025,0.0313929,93,0.417324,-0.29215,0.0287688,94,0.562012,-0.254537,0.0307718,95,0.525641,-0.324573,0.0325582,96,0.499947,-0.29324,0.0362612,97,0.547006,-0.27815,0.0419052,98,0.580658,-0.261442,0.0289846,99,0.524516,-0.257967,0.0303624,
generation,21,0,0.534567,-0.318258,0.0317974,1,0.526345,-0.302647,0.035787,2,0.50225,-0.309803,0.0305277,3,0.573863,-0.247369,0.0286948,4,0.497264,-0.274748,0.0288044,5,0.458877,-0.271543,0.0307607,6,0.441521,-0.33888,0.0460067,7,0.605082,-0.268711,0.0308278,8,0.541837,-0.352231,0.0349703,9,0.541301,-0.297331,0.031428,10,0.492291,-0.28463,0.0342929,11,0.496094,-0.249734,0.0349285,12,0.528138,-0.279193,0.029014,13,0.562537,-0.3319,0.0343936,14,0.522691,-0.288744,0.0297047,15,0.43834,-0.252251,0.0326228,16,0.435351,-0.31863,0.0361085,17,0.471174,-0.284157,0.0355388,18,0.566258,-0.268049,0.0345317,19,0.550348,-0.24808,0.048335,20,0.512236,-0.252576,0.0288493,21,0.551618,-0.312535,0.0394393,22,0.528383,-0.26654,0.0316585,23,0.534826,-0.280152,0.029788,24,0.453945,-0.399745,0.029111,25,0.466063,-0.386529,0.0338771,26,0.545787,-0.320119,0.0367094,27,0.485406,-0.280864,0.0288805,28,0.554705,-0.355992,0.0327989,29,0.518856,-0.289621,0.0356769,30,0.50789,-0.367321,0.0296524,31,0.593308,-0.294042,0.029607,32,0.455639,-0.268565,0.0288505,33,0.48827,-0.259242,0.0291521,34,0.523412,-0.293501,0.0309004,35,0.475008,-0.30597,0.0292371,36,0.587249,-0.290626,0.0358392,37,0.458747,-0.282215,0.0301136,38,0.462106,-0.296839,0.0363478,39,0.477493,-0.282118,0.0292277,40,0.512607,-0.299151,0.0309563,41,0.465962,-0.315221,0.0429545,42,0.524936,-0.257461,0.0343778,43,0.503382,-0.317147,0.030868,44,0.526864,-0.307293,0.0478406,45,0.532605,-0.354641,0.0308577,46,0.574631,-0.271773,0.0313537,47,0.570492,-0.258266,0.0345811,48,0.5395,-0.291367,0.0364079,49,0.491058,-0.265088,0.033117,50,0.46845,-0.367405,0.0367195,51,0.492738,-0.283753,0.0315299,52,0.633581,-0.260444,0.0380781,53,0.450686,-0.253866,0.0424401,54,0.44853,-0.30422,0.0355328,55,0.526371,-0.2796,0.0337808,56,0.448023,-0.244002,0.0366429,57,0.590688,-0.260588,0.0330981,58,0.458539,-0.369121,0.0322612,59,0.52995,-0.283987,0.0341601,60,0.513777,-0.254958,0.0291608,61,0.425274,-0.272559,0.0377765,62,0.56772,-0.247588,0.0308032,63,0.609186,-0.347485,0.0447728,64,0.442106,-0.281072,0.0299393,65,0.518438,-0.334791,0.0474761,66,0.455777,-0.314876,0.0357372,67,0.562731,-0.339807,0.0338322,68,0.62126,-0.34898,0.0390527,69,0.416512,-0.253104,0.0287038,70,0.452612,-0.284642,0.0410679,71,0.519171,-0.2993,0.0289954,72,0.524301,-0.313865,0.0307112,73,0.443758,-0.304252,0.0351781,74,0.536489,-0.277905,0.0289458,75,0.530892,-0.253056,0.0293295,76,0.417424,-0.298875,0.0365049,77,0.476525,-0.325912,0.0289999,78,0.501439,-0.315629,0.0300977,79,0.543035,-0.2594,0.0294984,80,0.460823,-0.313723,0.0384987,81,0.47942,-0.281545,0.0349701,82,0.477114,-0.368152,0.033716,83,0.652779,-0.274518,0.0427129,84,0.489868,-0.325772,0.0301642,85,0.515754,-0.352067,0.0289397,86,0.519424,-0.310429,0.0343318,87,0.454906,-0.280786,0.028928,88,0.399865,-0.279813,0.035966,89,0.451778,-0.29406,0.0290792,90,0.578201,-0.278518,0.034346,91,0.545447,-0.305673,0.0325352,92,0.482726,-0.299877,0.0323336,93,0.440746,-0.289141,0.0293592,94,0.417375,-0.323425,0.042456,95,0.565125,-0.300708,0.0418706,96,0.535534,-0.294455,0.0420145,97,0.604257,-0.306756,0.0349425,98,0.477097,-0.316925,0.0411507,99,0.537522,-0.275846,0.0290889,
generation,22,0,0.442959,-0.266742,0.0395503,1,0.619994,-0.297951,0.0286425,2,0.476572,-0.394016,0.0458791,3,0.508886,-0.330757,0.0443938,4,0.530664,-0.25728,0.030241,5,0.515507,-0.246412,0.0296761,6,0.406328,-0.334939,0.0291816,7,0.476089,-0.338879,0.0320236,8,0.526722,-0.298169,0.0340512,9,0.608492,-0.383059,0.0288888,10,0.549755,-0.3336,0.028735,11,0.505571,-0.285254,0.03199,12,0.447856,-0.34896,0.0303722,13,0.588995,-0.359641,0.0363135,14,0.614559,-0.33099,0.0385985,15,0.364819,-0.245056,0.0313638,16,0.509082,-0.265031,0.0289281,17,0.589901,-0.270385,0.0341895,18,0.577691,-0.340059,0.0406855,19,0.464871,-0.279861,0.0339091,20,0.520838,-0.325914,0.0351452,21,0.555468,-0.291999,0.0290624,22,0.493915,-0.304884,0.0287738,23,0.61358,-0.393775,0.0357258,24,0.385882,-0.296437,0.0362126,25,0.609636,-0.315108,0.0419213,26,0.417295,-0.243743,0.0346567,27,0.513186,-0.313541,0.0299535,28,0.551636,-0.277678,0.0300735,29,0.606787,-0.37076,0.0350204,30,0.677609,-0.291666,0.0422796,31,0.497713,-0.328801,0.038005,32,0.415893,-0.320336,0.0439919,33,0.401338,-0.274669,0.0336816,34,0.546847,-0.292914,0.0304921,35,0.519351,-0.247165,0.0329984,36,0.400975,-0.30139,0.0404025,37,0.4891,-0.307152,0.0299433,38,0.547112,-0.33525,0.0329477,39,0.447939,-0.327055,0.0401175,40,0.462745,-0.310719,0.0286701,41,0.477276,-0.394795,0.0302551,42,0.560684,-0.287792,0.0482397,43,0.559921,-0.295289,0.0288883,44,0.483138,-0.371748,0.0360403,45,0.472069,-0.264574,0.0285853,46,0.484074,-0.316643,0.0330952,47,0.511591,-0.273758,0.0307871,48,0.400895,-0.290436,0.0287159,49,0.571985,-0.374129,0.0364279,50,0.544628,-0.294562,0.0327304,51,0.606533,-0.326288,0.0310493,52,0.479037,-0.30635,0.028623,53,0.433662,-0.260143,0.0319514,54,0.470996,-0.296858,0.0315846,55,0.538633,-0.270883,0.0396484,56,0.523788,-0.333352,0.0289685,57,0.537034,-0.282493,0.039661,58,0.559916,-0.309104,0.0325591,59,0.445214,-0.293921,0.0352969,60,0.531279,-0.360139,0.0373022,61,0.458373,-0.334519,0.02975,62,0.481837,-0.308785,0.0352609,63,0.480293,-0.29979,0.0362808,64,0.480979,-0.317032,0.0293772,65,0.507821,-0.336005,0.028975,66,0.41136,-0.275451,0.0286897,67,0.536802,-0.24298,0.036223,68,0.452339,-0.330648,0.034038,69,0.544093,-0.378082,0.0423531,70,0.533996,-0.310257,0.037733,71,0.48762,-0.298243,0.0373952,72,0.519131,-0.313657,0.0293703,73,0.473691,-0.389774,0.0315711,74,0.424364,-0.26789,0.0292891,75,0.493423,-0.370269,0.0319707,76,0.486074,-0.27081,0.045152,77,0.53111,-0.348223,0.0289521,78,0.527098,-0.26342,0.0287681,79,0.525295,-0.277767,0.0289031,80,0.553753,-0.284585,0.0308539,81,0.407549,-0.292711,0.0309374,82,0.451434,-0.247928,0.028712,83,0.526516,-0.362075,0.0448705,84,0.568402,-0.30979,0.0500262,85,0.471017,-0.28418,0.0419187,86,0.462092,-0.293143,0.0341839,87,0.506662,-0.274932,0.0464472,88,0.480488,-0.327021,0.0311446,89,0.457303,-0.287482,0.0309783,90,0.46443,-0.332501,0.0411428,91,0.511896,-0.376448,0.0430162,92,0.541752,-0.321029,0.0365823,93,0.425199,-0.274283,0.0344131,94,0.48391,-0.285192,0.030693,95,0.504719,-0.268885,0.0338347,96,0.478383,-0.300503,0.0351639,97,0.595318,-0.250019,0.0349246,98,0.492784,-0.344238,0.0330185,99,0.465405,-0.310736,0.0310573,
generation,23,0,0.530242,-0.306036,0.0295676,1,0.473479,-0.352808,0.0294076,2,0.55494,-0.283362,0.0350737,3,0.537719,-0.320518,0.0339485,4,0.58221,-0.242814,0.030287,5,0.584987,-0.352496,0.0425966,6,0.436434,-0.391559,0.0308376,7,0.493621,-0.353574,0.0384951,8,0.521401,-0.305425,0.044854,9,0.425626,-0.310333,0.0322688,10,0.459522,-0.319206,0.0342676,11,0.448438,-0.270256,0.0288241,12,0.463702,-0.352787,0.0331415,13,0.423335,-0.283087,0.0288651,14,0.525835,-0.292695,0.0434561,15,0.507208,-0.354148,0.0379271,16,0.559846,-0.315681,0.0474855,17,0.447983,-0.321869,0.0324973,18,0.444558,-0.32033,0.043244,19,0.39808,-0.281028,0.0425966,20,0.472797,-0.255127,0.0313082,21,0.403014,-0.260148,0.0308732,22,0.482224,-0.248543,0.0367033,23,0.335777,-0.36309,0.028936,24,0.522552,-0.382407,0.0296282,25,0.425972,-0.303151,0.0349136,26,0.50076,-0.321221,0.0298903,27,0.581728,-0.252784,0.0373394,28,0.495593,-0.30616,0.0325878,29,0.454993,-0.310018,0.0303204,30,0.41138,-0.279602,0.0323183,31,0.43211,-0.320869,0.0315417,32,0.41726,-0.276924,0.0326673,33,0.52198,-0.343996,0.0372582,34,0.531109,-0.274482,0.0342563,35,0.485478,-0.366801,0.03163,36,0.486427,-0.293848,0.0292252,37,0.571158,-0.333934,0.0286176,38,0.397771,-0.26622,0.0332162,39,0.491455,-0.318563,0.0362644,40,0.475981,-0.287846,0.0355216,41,0.474228,-0.364464,0.0341005,42,0.412323,-0.299385,0.0330178,43,0.565773,-0.274232,0.0385214,44,0.546671,-0.341198,0.0291924,45,0.35531,-0.302833,0.0358306,46,0.526507,-0.255346,0.0291026,47,0.494654,-0.287858,0.033702,48,0.400833,-0.25513,0.0298894,49,0.47095,-0.290997,0.0295155,50,0.490401,-0.283479,0.0289268,51,0.468354,-0.353327,0.0394166,52,0.437274,-0.252628,0.0337735,53,0.461856,-0.351547,0.029263,54,0.587611,-0.282136,0.043477,55,0.517814,-0.321048,0.0318101,56,0.497184,-0.328527,0.0408752,57,0.497494,-0.32301,0.0440891,58,0.524915,-0.24989,0.0293561,59,0.467843,-0.256278,0.028853,60,0.500381,-0.255198,0.0289264,61,0.562207,-0.289564,0.0368636,62,0.447731,-0.357539,0.0288213,63,0.480775,-0.350933,0.0334658,64,0.438668,-0.286424,0.0297188,65,0.428146,-0.268591,0.031705,66,0.465966,-0.36335,0.0330793,67,0.597917,-0.257692,0.0286448,68,0.53218,-0.255857,0.0320756,69,0.60581,-0.253953,0.0325092,70,0.509593,-0.306739,0.037591,71,0.480746,-0.316909,0.0372468,72,0.459446,-0.265927,0.0364561,73,0.589716,-0.256183,0.0309314,74,0.54297,-0.282016,0.0286534,75,0.508566,-0.313846,0.0298202,76,0.445133,-0.323925,0.0433028,77,0.54861,-0.258759,0.0293968,78,0.426555,-0.289789,0.0337756,79,0.506189,-0.272002,0.0387146,80,0.484957,-0.271524,0.0295594,81,0.527673,-0.336268,0.0390075,82,0.466457,-0.310724,0.0312575,83,0.58135,-0.303312,0.0367612,84,0.480499,-0.237536,0.0386603,85,0.479643,-0.298398,0.0374313,86,0.459611,-0.337715,0.0340543,87,0.439454,-0.25702,0.0297,88,0.511687,-0.278139,0.0303821,89,0.43816,-0.343108,0.0293741,90,0.398746,-0.294196,0.0337976,91,0.426801,-0.266257,0.0289792,92,0.449048,-0.296956,0.0298206,93,0.433171,-0.268106,0.0288022,94,0.500374,-0.302815,0.0373188,95,0.606726,-0.256818,0.0338267,96,0.458684,-0.284055,0.0292465,97,0.50872,-0.287192,0.034875,98,0.588151,-0.259245,0.0327034,99,0.667683,-0.275894,0.0372655,
generation,24,0,0.495555,-0.319708,0.0353018,1,0.554108,-0.349004,0.039392,2,0.466931,-0.348051,0.0364179,3,0.280555,-0.308374,0.0331953,4,0.531382,-0.356367,0.0360671,5,0.578533,-0.324522,0.0307937,6,0.430362,-0.256233,0.0289552,7,0.462966,-0.360812,0.039735,8,0.519649,-0.369079,0.0392284,9,0.427187,-0.370188,0.0341271,10,0.430955,-0.368965,0.0292235,11,0.557805,-0.249035,0.0355066,12,0.513823,-0.282467,0.0290078,13,0.517141,-0.328852,0.0295592,14,0.484728,-0.289249,0.0306439,15,0.523615,-0.263539,0.0453839,16,0.489091,-0.302765,0.035641,17,0.445973,-0.362096,0.0371562,18,0.48414,-0.264522,0.0303919,19,0.516118,-0.347662,0.04392,20,0.50158,-0.318593,0.0317392,21,0.495086,-0.325233,0.0288497,22,0.602395,-0.261762,0.0421732,23,0.521382,-0.273885,0.0292992,24,0.526647,-0.260038,0.0289028,25,0.435781,-0.316014,0.0308869,26,0.447358,-0.277696,0.0320653,27,0.529443,-0.318925,0.0416496,28,0.476587,-0.278512,0.0306696,29,0.572703,-0.276727,0.0430449,30,0.470253,-0.238393,0.0291378,31,0.55701,-0.285131,0.0289027,32,0.498941,-0.268172,0.0463317,33,0.470532,-0.286564,0.0290083,34,0.486807,-0.265183,0.0303393,35,0.500911,-0.303507,0.0391866,36,0.644285,-0.255866,0.0365472,37,0.357735,-0.336755,0.0286616,38,0.491545,-0.294508,0.0378911,39,0.388131,-0.248039,0.0287885,40,0.455342,-0.311955,0.0415039,41,0.46103,-0.27782,0.0385816,42,0.438814,-0.324327,0.0293272,43,0.353591,-0.237026,0.0305119,44,0.477666,-0.308549,0.0301886,45,0.501361,-0.289124,0.034132,46,0.485151,-0.330351,0.0298048,47,0.522785,-0.325516,0.0323749,48,0.523769,-0.29275,0.0336217,49,0.563265,-0.331354,0.0374705,50,0.495969,-0.301134,0.0403515,51,0.480789,-0.272722,0.0289364,52,0.53914,-0.270445,0.0313115,53,0.45079,-0.321838,0.0338899,54,0.438712,-0.381119,0.0303106,55,0.544843,-0.321246,0.040189,56,0.482416,-0.30327,0.0292771,57,0.549788,-0.24281,0.0286341,58,0.49092,-0.248795,0.0343028,59,0.533183,-0.269851,0.0341179,60,0.556656,-0.308878,0.0428116,61,0.547026,-0.251141,0.0302526,62,0.450726,-0.288919,0.0343862,63,0.497816,-0.324568,0.029184,64,0.494038,-0.355293,0.0395647,65,0.463021,-0.283122,0.0288263,66,0.517566,-0.286467,0.0293437,67,0.54389,-0.368722,0.0321434,68,0.390924,-0.356588,0.0292417,69,0.480917,-0.273996,0.0305623,70,0.486454,-0.382631,0.0294507,71,0.50863,-0.278725,0.0333965,72,0.546268,-0.271459,0.0305278,73,0.521359,-0.257374,0.0288407,74,0.482831,-0.311774,0.0309347,75,0.468232,-0.267955,0.0344746,76,0.503282,-0.264032,0.0290188,77,0.489123,-0.342918,0.0358756,78,0.386374,-0.251685,0.0313157,79,0.555842,-0.31926,0.0338197,80,0.570761,-0.384169,0.0393831,81,0.570091,-0.248243,0.0314722,82,0.422773,-0.331135,0.0386347,83,0.627463,-0.324091,0.0379724,84,0.445034,-0.312808,0.0378173,85,0.540878,-0.315373,0.0347122,86,0.477912,-0.281621,0.0296692,87,0.556058,-0.343045,0.0289285,88,0.43037,-0.341144,0.0403866,89,0.488445,-0.371256,0.0347349,90,0.507776,-0.323347,0.0322221,91,0.44897,-0.263911,0.0386167,92,0.459538,-0.398251,0.0342815,93,0.565958,-0.291981,0.0304966,94,0.522381,-0.312308,0.0406698,95,0.532038,-0.277893,0.0311942,96,0.505129,-0.280484,0.0318696,97,0.543748,-0.298666,0.0348089,98,0.429998,-0.339858,0.0305234,99,0.567297,-0.369419,0.029627,
generation,25,0,0.601605,-0.256833,0.0315168,1,0.560326,-0.31351,0.0510574,2,0.502569,-0.310317,0.0294553,3,0.478674,-0.262265,0.0400461,4,0.567223,-0.299455,0.0404906,5,0.504923,-0.310587,0.032435,6,0.598158,-0.329822,0.0486835,7,0.473645,-0.342548,0.0384165,8,0.415158,-0.28986,0.0317528,9,0.473474,-0.308136,0.0424161,10,0.599371,-0.28807,0.0570696,11,0.560092,-0.321492,0.0396544,12,0.43788,-0.291078,0.0424843,13,0.505124,-0.263702,0.0346825,14,0.458524,-0.357151,0.0328548,15,0.558965,-0.369694,0.0341905,16,0.467073,-0.364599,0.0325041,17,0.5951,-0.314997,0.0362325,18,0.460763,-0.244229,0.028616,19,0.551445,-0.332157,0.0336565,20,0.523033,-0.320731,0.0414221,21,0.449255,-0.33189,0.0302922,22,0.388594,-0.254123,0.0437603,23,0.515106,-0.353649,0.0351216,24,0.428093,-0.27003,0.0304114,25,0.511613,-0.344965,0.0412852,26,0.485407,-0.307237,0.035264,27,0.462218,-0.249849,0.0350251,28,0.469071,-0.377883,0.0291039,29,0.522029,-0.291065,0.0327755,30,0.461173,-0.373403,0.0288428,31,0.42251,-0.262534,0.0495681,32,0.568627,-0.302589,0.0367371,33,0.585622,-0.330646,0.0384539,34,0.437897,-0.31292,0.0398159,35,0.447289,-0.247715,0.0328265,36,0.600499,-0.290085,0.0366089,37,0.52929,-0.362898,0.0370106,38,0.530482,-0.263601,0.0358953,39,0.637024,-0.299082,0.0430199,40,0.648834,-0.296904,0.040203,41,0.46925,-0.376673,0.0309813,42,0.642843,-0.282613,0.0293351,43,0.482494,-0.242149,0.0305568,44,0.425103,-0.26254,0.0295313,45,0.522644,-0.305834,0.0354983,46,0.386185,-0.254025,0.0338546,47,0.38557,-0.272855,0.0287419,48,0.43401,-0.320733,0.0288615,49,0.449296,-0.282219,0.0288172,50,0.483043,-0.287274,0.0333448,51,0.409678,-0.306895,0.0294555,52,0.52692,-0.271634,0.0339891,53,0.428816,-0.280203,0.0289261,54,0.487047,-0.267402,0.0358896,55,0.4769,-0.3656,0.0366419,56,0.561654,-0.36065,0.0324685,57,0.447171,-0.267789,0.0428916,58,0.55606,-0.329391,0.0609077,59,0.502552,-0.246626,0.0299904,60,0.41975,-0.314986,0.037969,61,0.439822,-0.326317,0.0289294,62,0.52118,-0.320261,0.0305502,63,0.50123,-0.272939,0.0333389,64,0.476852,-0.299415,0.0304124,65,0.444654,-0.299487,0.0384479,66,0.570992,-0.265198,0.0292654,67,0.482586,-0.363099,0.0347245,68,0.514244,-0.360575,0.0356796,69,0.518351,-0.30759,0.0325141,70,0.508171,-0.257378,0.0306309,71,0.491582,-0.298659,0.029849,72,0.551537,-0.281944,0.0291747,73,0.492382,-0.308575,0.0300866,74,0.518232,-0.294512,0.0286866,75,0.589547,-0.321645,0.0339762,76,0.503971,-0.327281,0.032867,77,0.480496,-0.291312,0.032635,78,0.448555,-0.265282,0.0296067,79,0.582558,-0.310784,0.0358203,80,0.511269,-0.379822,0.0354925,81,0.536683,-0.287339,0.0295444,82,0.499062,-0.248476,0.0302887,83,0.415438,-0.26542,0.0455787,84,0.522133,-0.277113,0.0373284,85,0.414788,-0.306514,0.0290484,86,0.527726,-0.312076,0.0293539,87,0.461608,-0.308495,0.0395988,88,0.437487,-0.240009,0.0334569,89,0.595861,-0.285366,0.0413141,90,0.486956,-0.287633,0.0354683,91,0.375109,-0.269931,0.0314668,92,0.451518,-0.311071,0.0380861,93,0.457631,-0.321907,0.0289957,94,0.614818,-0.241021,0.0465193,95,0.540096,-0.339801,0.0330387,96,0.490407,-0.385788,0.0372649,97,0.417592,-0.265866,0.0448399,98,0.511374,-0.330005,0.0316462,99,0.543085,-0.349423,0.0310761,
generation,26,0,0.468856,-0.324939,0.030449,1,0.578845,-0.308877,0.0437432,2,0.481638,-0.296335,0.030237,3,0.444258,-0.27352,0.0308582,4,0.580559,-0.275182,0.0519924,5,0.377569,-0.303383,0.0296396,6,0.551758,-0.265548,0.0387265,7,0.456145,-0.255559,0.0329737,8,0.43685,-0.295986,0.0295877,9,0.550918,-0.299977,0.0352345,10,0.53906,-0.312246,0.0447957,11,0.406597,-0.340641,0.0323322,12,0.481544,-0.306721,0.0304565,13,0.631568,-0.305774,0.028868,14,0.474099,-0.274379,0.0367684,15,0.46205,-0.360125,0.0317665,16,0.449265,-0.319579,0.028859,17,0.496362,-0.356418,0.0298231,18,0.502581,-0.34684,0.0395205,19,0.444335,-0.254315,0.0298904,20,0.576786,-0.268293,0.0409003,21,0.52846,-0.310866,0.0324904,22,0.582507,-0.286891,0.0324655,23,0.450685,-0.333899,0.0322828,24,0.470849,-0.357972,0.0314099,25,0.565239,-0.268904,0.0297276,26,0.436611,-0.369721,0.0340716,27,0.44301,-0.318051,0.0292773,28,0.506798,-0.350165,0.0311126,29,0.500738,-0.293568,0.0340782,30,0.413049,-0.275044,0.0387901,31,0.539343,-0.31379,0.0320549,32,0.538442,-0.26212,0.0472614,33,0.524537,-0.323818,0.0360443,34,0.436113,-0.315211,0.0339091,35,0.569183,-0.325146,0.0360305,36,0.428187,-0.266652,0.0285921,37,0.442512,-0.354375,0.0361133,38,0.437092,-0.277185,0.0287638,39,0.448902,-0.301621,0.051171,40,0.467766,-0.288832,0.0403642,41,0.471843,-0.296806,0.0343268,42,0.48308,-0.260279,0.0320605,43,0.491239,-0.306022,0.0395547,44,0.421939,-0.304223,0.0345762,45,0.399402,-0.306803,0.0296643,46,0.588768,-0.266484,0.0388804,47,0.50029,-0.323902,0.0307865,48,0.500173,-0.272694,0.0330366,49,0.419534,-0.33616,0.0295218,50,0.452956,-0.315454,0.0296072,51,0.69066,-0.272262,0.0427633,52,0.414529,-0.289345,0.0287703,53,0.446757,-0.323225,0.029223,54,0.525452,-0.292481,0.0386366,55,0.412425,-0.328243,0.0291466,56,0.544441,-0.359539,0.0336682,57,0.471742,-0.29573,0.0306494,58,0.474089,-0.281233,0.0298678,59,0.491741,-0.298226,0.0325891,60,0.436582,-0.371406,0.0382703,61,0.449447,-0.330421,0.0331656,62,0.458017,-0.260494,0.0297297,63,0.424245,-0.249786,0.0298479,64,0.459281,-0.367775,0.0395826,65,0.480498,-0.275935,0.0317027,66,0.556667,-0.373348,0.038187,67,0.48776,-0.340723,0.0299238,68,0.479173,-0.269919,0.0290262,69,0.487167,-0.306048,0.0334228,70,0.438733,-0.370776,0.029382,71,0.436835,-0.269865,0.0299793,72,0.428564,-0.398602,0.0287324,73,0.496725,-0.314595,0.0354522,74,0.367642,-0.236054,0.0410269,75,0.502583,-0.311007,0.0359697,76,0.568723,-0.305515,0.0363178,77,0.518491,-0.328599,0.0291162,78,0.501608,-0.302524,0.0375176,79,0.433829,-0.335008,0.031566,80,0.512648,-0.340231,0.032088,81,0.504633,-0.311441,0.0415936,82,0.494375,-0.246009,0.0293795,83,0.5303,-0.333369,0.0300103,84,0.580902,-0.262446,0.0399223,85,0.597681,-0.330567,0.0357587,86,0.463998,-0.258639,0.030461,87,0.453761,-0.322241,0.0401223,88,0.546127,-0.315609,0.0462361,89,0.457029,-0.2715,0.0324596,90,0.43562,-0.292275,0.0418899,91,0.478038,-0.286886,0.0314736,92,0.427756,-0.298395,0.0356631,93,0.511094,-0.256088,0.030467,94,0.41776,-0.244477,0.0293742,95,0.487455,-0.261038,0.0289595,96,0.489168,-0.303712,0.0323958,97,0.610499,-0.272167,0.0384305,98,0.52785,-0.26218,0.0300362,99,0.554604,-0.27883,0.0316669,
generation,27,0,0.522893,-0.349005,0.0400334,1,0.408464,-0.307814,0.0308925,2,0.601959,-0.287991,0.0313755,3,0.499584,-0.294612,0.0306328,4,0.478905,-0.268119,0.0317114,5,0.4355,-0.288422,0.0297796,6,0.564962,-0.267617,0.0312642,7,0.483368,-0.351464,0.0454974,8,0.51886,-0.362132,0.0303838,9,0.413454,-0.29143,0.0436065,10,0.480843,-0.3741,0.0448702,11,0.449325,-0.332804,0.0299183,12,0.540904,-0.306958,0.036626,13,0.463388,-0.279858,0.032097,14,0.449597,-0.274221,0.0301877,15,0.568703,-0.337961,0.0333227,16,0.45892,-0.268081,0.032533,17,0.577565,-0.309335,0.0421775,18,0.431002,-0.301047,0.0301203,19,0.444162,-0.285932,0.0315373,20,0.534752,-0.276234,0.0327591,21,0.524492,-0.307291,0.0340536,22,0.575505,-0.259493,0.0496626,23,0.43059,-0.266856,0.0367633,24,0.513896,-0.369898,0.0361122,25,0.533124,-0.273736,0.0438139,26,0.587527,-0.260818,0.0306359,27,0.493094,-0.275775,0.030295,28,0.379317,-0.318033,0.0416343,29,0.447482,-0.318875,0.0289801,30,0.504182,-0.306969,0.0433664,31,0.478771,-0.359948,0.0433299,32,0.469181,-0.278398,0.029587,33,0.47707,-0.278744,0.0315916,34,0.551249,-0.260132,0.031928,35,0.406655,-0.278741,0.029764,36,0.502722,-0.295847,0.0319839,37,0.593217,-0.272912,0.0313573,38,0.470296,-0.31413,0.0395399,39,0.568803,-0.286104,0.0290239,40,0.517422,-0.347852,0.0330837,41,0.493742,-0.270601,0.0286646,42,0.558708,-0.387735,0.0356719,43,0.468943,-0.270315,0.0289601,44,0.338504,-0.364836,0.0298086,45,0.411286,-0.277494,0.035272,46,0.475154,-0.365733,0.0291374,47,0.48245,-0.270834,0.0331416,48,0.501302,-0.31781,0.0330688,49,0.428816,-0.362255,0.0424656,50,0.548642,-0.263158,0.0355917,51,0.392029,-0.392213,0.0294466,52,0.381987,-0.264945,0.0313502,53,0.484032,-0.37449,0.0349001,54,0.488962,-0.353353,0.0293526,55,0.556347,-0.247378,0.0330358,56,0.569982,-0.306598,0.0385642,57,0.529888,-0.308598,0.0392596,58,0.443378,-0.286691,0.028946,59,0.515567,-0.360245,0.0391831,60,0.516781,-0.287142,0.0421642,61,0.465171,-0.361036,0.039693,62,0.550658,-0.303302,0.0300264,63,0.477032,-0.287663,0.0294783,64,0.447858,-0.309284,0.0315351,65,0.421304,-0.294937,0.0398583,66,0.585748,-0.300485,0.0329093,67,0.459417,-0.29348,0.0321983,68,0.485364,-0.277712,0.0342864,69,0.534733,-0.26313,0.0369733,70,0.47793,-0.241296,0.0355093,71,0.553976,-0.36252,0.0296871,72,0.35988,-0.279588,0.0412526,73,0.489547,-0.264006,0.0333383,74,0.546738,-0.278981,0.0300195,75,0.485156,-0.352541,0.0389708,76,0.395046,-0.243151,0.0498054,77,0.503198,-0.273207,0.0355773,78,0.546868,-0.270076,0.0385363,79,0.47408,-0.293636,0.036478,80,0.561662,-0.338004,0.0301457,81,0.455943,-0.351408,0.0320897,82,0.513291,-0.298295,0.031457,83,0.357318,-0.268592,0.031319,84,0.45719,-0.291174,0.03841,85,0.556213,-0.331781,0.0382917,86,0.57667,-0.257785,0.0392327,87,0.499412,-0.28073,0.0289454,88,0.489153,-0.324488,0.0380191,89,0.528609,-0.265403,0.0337396,90,0.465308,-0.294021,0.0370091,91,0.566116,-0.324653,0.0366384,92,0.496709,-0.245753,0.0445848,93,0.540042,-0.279942,0.0469697,94,0.437267,-0.327785,0.037328,95,0.634636,-0.249596,0.0373316,96,0.453135,-0.397402,0.0293366,97,0.403005,-0.281116,0.0290047,98,0.453454,-0.272898,0.0294557,99,0.597849,-0.335537,0.0300713,
generation,28,0,0.452616,-0.285419,0.0319107,1,0.57441,-0.324789,0.039643,2,0.457855,-0.249658,0.0290691,3,0.66113,-0.389582,0.0321332,4,0.464012,-0.307558,0.0343904,5,0.506302,-0.373625,0.0361545,6,0.488093,-0.313855,0.0292306,7,0.444269,-0.36367,0.0317871,8,0.427908,-0.354407,0.0447317,9,0.533078,-0.324423,0.0436394,10,0.460442,-0.303004,0.0338157,11,0.540659,-0.263015,0.0325875,12,0.550851,-0.259974,0.0298144,13,0.528176,-0.288716,0.0329073,14,0.54617,-0.290963,0.0385594,15,0.416512,-0.267703,0.0300328,16,0.482817,-0.37362,0.0322862,17,0.488928,-0.335738,0.0386527,18,0.495532,-0.311189,0.0298582,19,0.542019,-0.25052,0.0433139,20,0.486249,-0.28949,0.0331094,21,0.52609,-0.372641,0.0312501,22,0.43172,-0.354215,0.0450763,23,0.479678,-0.34919,0.0465304,24,0.455176,-0.27868,0.028626,25,0.446317,-0.315813,0.0367367,26,0.419644,-0.364191,0.0462923,27,0.443009,-0.291105,0.0351165,28,0.346017,-0.296393,0.0394601,29,0.502813,-0.343264,0.0368117,30,0.581232,-0.350767,0.0289407,31,0.569368,-0.301925,0.0289256,32,0.53701,-0.393982,0.0523587,33,0.388866,-0.277538,0.0411321,34,0.520678,-0.292668,0.0371631,35,0.510386,-0.2707,0.0319761,36,0.426678,-0.377227,0.0314266,37,0.458308,-0.354968,0.0363745,38,0.517795,-0.256694,0.0295089,39,0.43502,-0.321165,0.0346165,40,0.414625,-0.278383,0.0372151,41,0.506918,-0.294726,0.0286556,42,0.495547,-0.287642,0.0300166,43,0.513693,-0.355481,0.0296463,44,0.520843,-0.328613,0.0448905,45,0.430672,-0.337018,0.029838,46,0.516171,-0.254503,0.0361872,47,0.501479,-0.29342,0.0395145,48,0.513203,-0.260574,0.0321832,49,0.57596,-0.259269,0.0327555,50,0.452282,-0.321246,0.0441026,51,0.489985,-0.367769,0.0315475,52,0.497216,-0.265902,0.0306937,53,0.548027,-0.293594,0.0383686,54,0.502989,-0.265556,0.0350702,55,0.471242,-0.348897,0.0321607,56,0.467304,-0.379626,0.0340305,57,0.418857,-0.307236,0.0515449,58,0.582726,-0.248209,0.030728,59,0.510757,-0.287926,0.0423513,60,0.487312,-0.291975,0.0315823,61,0.448821,-0.280997,0.028961,62,0.514262,-0.285897,0.0389512,63,0.466434,-0.392204,0.0291752,64,0.456389,-0.300895,0.0474294,65,0.38998,-0.24526,0.0291668,66,0.475403,-0.293963,0.0302004,67,0.420832,-0.324129,0.0326946,68,0.511553,-0.354174,0.0471574,69,0.469836,-0.259486,0.0319677,70,0.563453,-0.289728,0.0452984,71,0.605443,-0.250471,0.0289512,72,0.443663,-0.288903,0.0380378,73,0.485055,-0.36945,0.0370543,74,0.475884,-0.309487,0.0294545,75,0.471246,-0.333044,0.0297378,76,0.533541,-0.285269,0.0541591,77,0.486969,-0.336056,0.029205,78,0.508736,-0.27946,0.0316003,79,0.499303,-0.249063,0.034224,80,0.496709,-0.296062,0.0312611,81,0.45853,-0.318944,0.0288006,82,0.480181,-0.302166,0.0293782,83,0.604183,-0.248346,0.0298433,84,0.592951,-0.280005,0.0438269,85,0.494522,-0.31718,0.0334851,86,0.531927,-0.258385,0.039459,87,0.455249,-0.300971,0.0349557,88,0.446329,-0.270918,0.0287581,89,0.451262,-0.266778,0.0385095,90,0.454169,-0.313577,0.0313338,91,0.376694,-0.2547,0.0323364,92,0.463702,-0.262581,0.0447815,93,0.543225,-0.265903,0.0305901,94,0.508265,-0.35534,0.0327684,95,0.492725,-0.357709,0.0365844,96,0.49366,-0.249415,0.0302658,97,0.387259,-0.29628,0.0312487,98,0.616154,-0.264703,0.0426483,99,0.439423,-0.337756,0.0379465,
generation,29,0,0.468174,-0.360731,0.0291476,1,0.377047,-0.271533,0.0287562,2,0.502001,-0.313084,0.0287923,3,0.565785,-0.244971,0.0308386,4,0.350087,-0.289049,0.0303574,5,0.460248,-0.331576,0.0320545,6,0.60893,-0.265192,0.0289512,7,0.450182,-0.358753,0.0332264,8,0.475427,-0.36833,0.0390087,9,0.487181,-0.254495,0.028755,10,0.527897,-0.263076,0.0316893,11,0.423234,-0.255189,0.033296,12,0.44056,-0.262039,0.0370542,13,0.487473,-0.2729,0.0337384,14,0.526874,-0.345614,0.0355353,15,0.452215,-0.28836,0.0386274,16,0.427731,-0.2529,0.0293602,17,0.441338,-0.307305,0.0306046,18,0.564048,-0.342723,0.0309406,19,0.451695,-0.268623,0.0432624,20,0.426568,-0.292138,0.0292205,21,0.513107,-0.273699,0.0341662,22,0.48772,-0.288529,0.0321027,23,0.496511,-0.339019,0.0291562,24,0.529576,-0.267634,0.0391165,25,0.492819,-0.37205,0.0348075,26,0.553873,-0.311186,0.0300823,27,0.520182,-0.310052,0.0436228,28,0.448997,-0.271981,0.0326446,29,0.505592,-0.337736,0.0391086,30,0.53862,-0.285705,0.0329373,31,0.447546,-0.297037,0.0355287,32,0.506961,-0.288383,0.0338726,33,0.454806,-0.32837,0.0301758,34,0.53112,-0.270752,0.0288157,35,0.500702,-0.31414,0.0303718,36,0.511128,-0.265307,0.0384452,37,0.471484,-0.334996,0.0470223,38,0.463059,-0.26156,0.03272,39,0.452683,-0.274952,0.0294389,40,0.459693,-0.240382,0.0299125,41,0.451915,-0.280144,0.0328005,42,0.466374,-0.302375,0.0294561,43,0.473274,-0.26901,0.028803,44,0.53852,-0.326843,0.0308267,45,0.504856,-0.297165,0.0362877,46,0.500278,-0.268945,0.0445773,47,0.453711,-0.351703,0.0305902,48,0.475875,-0.319526,0.0300688,49,0.48443,-0.285911,0.0291534,50,0.541933,-0.24086,0.0298254,51,0.586479,-0.279007,0.0394551,52,0.46909,-0.37106,0.0374031,53,0.445431,-0.299353,0.0348248,54,0.534458,-0.288653,0.0307509,55,0.439012,-0.281738,0.034327,56,0.442577,-0.283105,0.0288869,57,0.587637,-0.316646,0.0325221,58,0.377924,-0.368558,0.0402372,59,0.453218,-0.266559,0.0457922,60,0.436486,-0.280801,0.0292838,61,0.487409,-0.364149,0.0296446,62,0.450272,-0.353543,0.0296728,63,0.469213,-0.247685,0.0348304,64,0.509013,-0.31282,0.0288289,65,0.479088,-0.327739,0.0315067,66,0.484439,-0.307595,0.0440595,67,0.381798,-0.251013,0.0305178,68,0.541372,-0.349216,0.0330653,69,0.564524,-0.273907,0.0291254,70,0.494708,-0.377604,0.028967,71,0.434527,-0.318788,0.0298175,72,0.529534,-0.330017,0.031118,73,0.48324,-0.287851,0.0321212,74,0.558131,-0.249372,0.0291462,75,0.452978,-0.250853,0.0321029,76,0.436324,-0.394838,0.0313097,77,0.493204,-0.290898,0.0418782,78,0.471233,-0.350748,0.0359864,79,0.513664,-0.333659,0.0287934,80,0.497086,-0.276863,0.0295761,81,0.518502,-0.313482,0.0323696,82,0.438939,-0.310305,0.0290779,83,0.451417,-0.342292,0.0343849,84,0.473183,-0.319894,0.0508326,85,0.464306,-0.266816,0.0285795,86,0.465248,-0.278332,0.0286928,87,0.458973,-0.301099,0.0325676,88,0.503385,-0.366118,0.0339165,89,0.504835,-0.306306,0.0297571,90,0.480442,-0.281868,0.0446491,91,0.437825,-0.245303,0.0288276,92,0.454074,-0.284096,0.0347383,93,0.424456,-0.357199,0.0328171,94,0.457391,-0.246445,0.0305086,95,0.589256,-0.291365,0.0380164,96,0.54941,-0.340534,0.0289825,97,0.397603,-0.298347,0.0296851,98,0.515871,-0.323465,0.028755,99,0.505942,-0.380259,0.0289448,
generation,30,0,0.450166,-0.268137,0.0292205,1,0.510055,-0.259951,0.0292398,2,0.473552,-0.351202,0.0333859,3,0.515258,-0.359582,0.0366039,4,0.45195,-0.338415,0.0298069,5,0.469183,-0.398765,0.0295204,6,0.613177,-0.291084,0.0341227,7,0.508094,-0.329468,0.0286371,8,0.565725,-0.27088,0.0332789,9,0.485326,-0.293783,0.0340916,10,0.52541,-0.266149,0.0436846,11,0.440688,-0.313966,0.0430517,12,0.506025,-0.328792,0.0325085,13,0.463878,-0.331275,0.0307977,14,0.477195,-0.260413,0.030977,15,0.526664,-0.251292,0.0294883,16,0.481939,-0.366234,0.0293271,17,0.53689,-0.273958,0.0335211,18,0.504633,-0.36095,0.0415815,19,0.440359,-0.255396,0.0375784,20,0.457596,-0.257021,0.0309403,21,0.457327,-0.370765,0.0388746,22,0.455004,-0.244729,0.0302444,23,0.557469,-0.257461,0.0304007,24,0.465188,-0.320115,0.03215,25,0.477072,-0.276466,0.0326171,26,0.430633,-0.346892,0.0347236,27,0.525118,-0.298509,0.034493,28,0.543725,-0.239961,0.0287988,29,0.487206,-0.283268,0.0295849,30,0.525677,-0.242889,0.0514573,31,0.573184,-0.271206,0.0343521,32,0.554286,-0.273661,0.0304982,33,0.497097,-0.269531,0.0334037,34,0.493162,-0.269423,0.0312359,35,0.478828,-0.281586,0.0333183,36,0.539181,-0.319928,0.0358812,37,0.563281,-0.263991,0.0327994,38,0.43604,-0.316634,0.0373537,39,0.561729,-0.242384,0.0292833,40,0.443175,-0.259102,0.028981,41,0.583362,-0.291145,0.0357011,42,0.529383,-0.331004,0.0336907,43,0.461182,-0.259222,0.0344128,44,0.532161,-0.274028,0.032372,45,0.540286,-0.311053,0.0438963,46,0.453877,-0.32428,0.036765,47,0.417901,-0.257808,0.0440894,48,0.435836,-0.261875,0.0297598,49,0.480984,-0.379491,0.0293777,50,0.510508,-0.316437,0.0369526,51,0.506953,-0.301937,0.0304527,52,0.539827,-0.355987,0.0443317,53,0.439307,-0.266165,0.035741,54,0.496632,-0.32612,0.0310778,55,0.445306,-0.262373,0.0300533,56,0.452527,-0.307257,0.0359531,57,0.454808,-0.267935,0.0295131,58,0.422745,-0.260431,0.0288113,59,0.502625,-0.338666,0.0292299,60,0.509803,-0.246817,0.0339537,61,0.444796,-0.275385,0.0393268,62,0.441128,-0.357427,0.0295986,63,0.524478,-0.245335,0.0291343,64,0.575659,-0.315764,0.0375861,65,0.463943,-0.301281,0.0312242,66,0.504387,-0.258079,0.0291208,67,0.527565,-0.301395,0.0351838,68,0.502066,-0.240003,0.0354363,69,0.54563,-0.29652,0.0411128,70,0.426263,-0.385762,0.0289557,71,0.347311,-0.265817,0.0335331,72,0.507267,-0.278135,0.0292819,73,0.586077,-0.244208,0.0317757,74,0.406124,-0.285495,0.0310284,75,0.683044,-0.26306,0.0325089,76,0.522685,-0.284827,0.035069,77,0.475564,-0.309929,0.028671,78,0.537633,-0.285479,0.0508279,79,0.662608,-0.318389,0.0424367,80,0.491682,-0.358768,0.0340497,81,0.553283,-0.301045,0.034745,82,0.48546,-0.352736,0.0371041,83,0.426072,-0.264306,0.031012,84,0.49558,-0.299731,0.0359952,85,0.571808,-0.246543,0.0300854,86,0.446202,-0.251012,0.0372082,87,0.437434,-0.36095,0.0306874,88,0.54938,-0.390493,0.0348514,89,0.423973,-0.303589,0.0318612,90,0.538337,-0.262041,0.0371741,91,0.534042,-0.27835,0.0329062,92,0.470754,-0.289328,0.0298646,93,0.500109,-0.245905,0.0298423,94,0.52748,-0.348396,0.0317465,95,0.46676,-0.251577,0.0319488,96,0.523906,-0.372911,0.0294856,97,0.623472,-0.280901,0.0391651,98,0.496922,-0.276634,0.0294743,99,0.541808,-0.245576,0.0316804,
generation,31,0,0.480165,-0.345455,0.0326994,1,0.424288,-0.337835,0.0467319,2,0.450718,-0.319715,0.0288608,3,0.428333,-0.279163,0.0304821,4,0.623161,-0.23403,0.0557313,5,0.545419,-0.24627,0.0393146,6,0.438747,-0.28825,0.0335009,7,0.554603,-0.280646,0.0420901,8,0.507476,-0.266252,0.0302042,9,0.535208,-0.273553,0.0364003,10,0.496668,-0.298197,0.0318549,11,0.508588,-0.252199,0.0299143,12,0.464876,-0.257673,0.0330801,13,0.46772,-0.314576,0.0302497,14,0.488654,-0.294105,0.0303578,15,0.505598,-0.247797,0.0307662,16,0.537772,-0.376343,0.0314297,17,0.579064,-0.254597,0.0312218,18,0.497777,-0.380004,0.0286208,19,0.495844,-0.277818,0.0327242,20,0.503685,-0.276673,0.0292653,21,0.534053,-0.262464,0.0367985,22,0.458542,-0.296509,0.0328709,23,0.485249,-0.274736,0.030475,24,0.462565,-0.270099,0.03596,25,0.471627,-0.352887,0.0287128,26,0.533956,-0.347982,0.0323397,27,0.516458,-0.287318,0.0358016,28,0.52262,-0.308627,0.0298755,29,0.416723,-0.269638,0.0388583,30,0.509082,-0.381035,0.0302543,31,0.444645,-0.272534,0.0322044,32,0.506495,-0.348018,0.0374971,33,0.50104,-0.314178,0.0320221,34,0.546374,-0.283647,0.0307794,35,0.515486,-0.259866,0.0320852,36,0.521931,-0.255784,0.0291978,37,0.490584,-0.2908,0.0411777,38,0.489233,-0.315583,0.0316554,39,0.442711,-0.301017,0.0505537,40,0.487464,-0.263363,0.0333012,41,0.504821,-0.290439,0.0445398,42,0.557923,-0.334925,0.028901,43,0.473271,-0.348126,0.0313462,44,0.476359,-0.276723,0.0306697,45,0.522193,-0.264028,0.0327012,46,0.465349,-0.333942,0.0365298,47,0.477802,-0.267453,0.0286797,48,0.503326,-0.291867,0.0319088,49,0.517825,-0.36229,0.0311378,50,0.446737,-0.244386,0.0325665,51,0.558857,-0.25059,0.0312786,52,0.504422,-0.353708,0.0307618,53,0.510937,-0.307902,0.0290181,54,0.43571,-0.385502,0.0374722,55,0.567993,-0.279249,0.029867,56,0.600352,-0.286118,0.0384798,57,0.49902,-0.25673,0.0465414,58,0.543497,-0.257374,0.0308566,59,0.512498,-0.316141,0.0320682,60,0.443711,-0.27814,0.0315585,61,0.473164,-0.252089,0.0330512,62,0.568326,-0.2505,0.0293609,63,0.427635,-0.251661,0.0309359,64,0.538271,-0.30537,0.0296454,65,0.523023,-0.265693,0.0317279,66,0.459843,-0.282872,0.0298875,67,0.414947,-0.349959,0.0365844,68,0.438431,-0.317417,0.0401477,69,0.542137,-0.265425,0.0358424,70,0.51082,-0.348866,0.0331901,71,0.44169,-0.309098,0.0291375,72,0.440501,-0.278109,0.0321115,73,0.55428,-0.306304,0.0479131,74,0.616881,-0.243098,0.0333214,75,0.529672,-0.273083,0.0417898,76,0.594474,-0.277633,0.0292109,77,0.464136,-0.318654,0.0316156,78,0.491113,-0.322796,0.0289585,79,0.474627,-0.260613,0.030538,80,0.459338,-0.300059,0.0302619,81,0.479281,-0.276767,0.0290675,82,0.498868,-0.277428,0.0314361,83,0.461715,-0.263161,0.0288182,84,0.516171,-0.26897,0.0306144,85,0.537602,-0.274393,0.0289665,86,0.593533,-0.276691,0.0295802,87,0.54805,-0.319392,0.0354981,88,0.364207,-0.261505,0.0308981,89,0.447584,-0.277949,0.0446336,90,0.531431,-0.335821,0.0323421,91,0.538478,-0.274825,0.0413329,92,0.406156,-0.38364,0.0320428,93,0.523275,-0.287728,0.0305875,94,0.50223,-0.307591,0.0407553,95,0.468504,-0.340856,0.0389078,96,0.482731,-0.262193,0.0318469,97,0.484531,-0.336954,0.0290805,98,0.464421,-0.399629,0.03562,99,0.611387,-0.268205,0.0301504,
generation,32,0,0.539571,-0.25561,0.030212,1,0.510068,-0.262041,0.0419618,2,0.440845,-0.341165,0.0309496,3,0.471457,-0.318441,0.0318839,4,0.563192,-0.250501,0.0344932,5,0.463293,-0.286566,0.0341221,6,0.551056,-0.363742,0.0299691,7,0.503449,-0.286996,0.0351219,8,0.497048,-0.346644,0.0363383,9,0.506459,-0.380687,0.0308366,10,0.468744,-0.306969,0.0317338,11,0.486108,-0.310951,0.0352015,12,0.606041,-0.310689,0.0409425,13,0.479322,-0.258459,0.0304246,14,0.458074,-0.273717,0.0288509,15,0.447883,-0.311584,0.0345991,16,0.614491,-0.270201,0.0308537,17,0.529954,-0.348876,0.0297213,18,0.554623,-0.277465,0.0324399,19,0.488178,-0.307284,0.0290437,20,0.509799,-0.310724,0.0346771,21,0.623385,-0.268552,0.0305627,22,0.475335,-0.241544,0.0289682,23,0.45309,-0.328954,0.0304324,24,0.543315,-0.251608,0.0299228,25,0.533803,-0.24646,0.0292076,26,0.5079,-0.29538,0.0315044,27,0.541181,-0.250475,0.0362439,28,0.567707,-0.264195,0.0309935,29,0.451554,-0.343745,0.0317268,30,0.627844,-0.336617,0.0334284,31,0.579871,-0.279192,0.0335728,32,0.518566,-0.308071,0.0298587,33,0.449561,-0.260719,0.0287774,34,0.448307,-0.304395,0.0312881,35,0.422483,-0.333925,0.0317383,36,0.534655,-0.243083,0.0292524,37,0.357957,-0.321148,0.037382,38,0.468711,-0.313569,0.0329741,39,0.486853,-0.276675,0.0309711,40,0.617694,-0.260274,0.0393768,41,0.592907,-0.259159,0.0349673,42,0.514056,-0.294946,0.0289519,43,0.469374,-0.282304,0.0296576,44,0.474166,-0.261836,0.0309376,45,0.538486,-0.325999,0.0419572,46,0.526199,-0.371315,0.0297397,47,0.526502,-0.242489,0.0289235,48,0.471336,-0.290018,0.0347439,49,0.466924,-0.369392,0.031578,50,0.558775,-0.333348,0.0326914,51,0.425796,-0.333625,0.0290336,52,0.453988,-0.288256,0.031132,53,0.548323,-0.338762,0.0342664,54,0.540222,-0.286958,0.0379888,55,0.457193,-0.347639,0.0416591,56,0.527001,-0.27757,0.0313509,57,0.502821,-0.266141,0.0293139,58,0.464523,-0.336637,0.0334537,59,0.367495,-0.277581,0.0476894,60,0.534464,-0.247697,0.02908,61,0.562117,-0.316439,0.0455167,62,0.499037,-0.287565,0.0290407,63,0.462069,-0.261976,0.0291527,64,0.55557,-0.255485,0.0339987,65,0.427762,-0.31696,0.0305212,66,0.447998,-0.323771,0.0329424,67,0.407172,-0.287519,0.0379853,68,0.427677,-0.267024,0.0295113,69,0.482208,-0.390988,0.0289607,70,0.543655,-0.257817,0.0289345,71,0.496047,-0.261498,0.0421076,72,0.5579,-0.291079,0.0306546,73,0.567963,-0.249534,0.0290597,74,0.516412,-0.266021,0.0299804,75,0.473863,-0.29029,0.0304342,76,0.451473,-0.260208,0.0304505,77,0.452992,-0.255741,0.0348873,78,0.431674,-0.242443,0.0291655,79,0.599701,-0.287061,0.0415156,80,0.49716,-0.27667,0.0332427,81,0.445298,-0.260584,0.0291679,82,0.469197,-0.396871,0.0289366,83,0.582585,-0.252188,0.0337134,84,0.42918,-0.395777,0.0290169,85,0.488466,-0.289655,0.0316549,86,0.506989,-0.252756,0.0337462,87,0.481822,-0.323028,0.0340773,88,0.527311,-0.286384,0.0306552,89,0.522713,-0.265037,0.0389898,90,0.409139,-0.280972,0.0402422,91,0.505361,-0.279104,0.0387483,92,0.409903,-0.284934,0.0381436,93,0.491801,-0.280609,0.0329568,94,0.476925,-0.272884,0.02952,95,0.475114,-0.343048,0.0384729,96,0.436937,-0.302698,0.0294399,97,0.484553,-0.27925,0.0325402,98,0.440548,-0.24542,0.0312124,99,0.392996,-0.261357,0.035308,
generation,33,0,0.528397,-0.242509,0.029033,1,0.482903,-0.318655,0.0306385,2,0.447867,-0.280845,0.0357191,3,0.466738,-0.257752,0.0301261,4,0.437937,-0.314642,0.0313052,5,0.494602,-0.295381,0.038438,6,0.484388,-0.288842,0.0330745,7,0.599745,-0.238873,0.0395996,8,0.571613,-0.239027,0.0302381,9,0.518954,-0.282158,0.0300582,10,0.584157,-0.241351,0.0296435,11,0.48182,-0.305426,0.031122,12,0.502881,-0.242812,0.0298642,13,0.432021,-0.368095,0.0395225,14,0.50609,-0.303837,0.0354063,15,0.421342,-0.250656,0.0305217,16,0.524194,-0.29504,0.0485031,17,0.500525,-0.27065,0.0409672,18,0.478818,-0.276827,0.0301356,19,0.493519,-0.313235,0.0381554,20,0.517756,-0.361282,0.0364512,21,0.520866,-0.339957,0.0344744,22,0.510092,-0.271027,0.0292471,23,0.442827,-0.342146,0.0321898,24,0.42253,-0.317564,0.0345753,25,0.501952,-0.300003,0.0350757,26,0.454138,-0.265822,0.0294309,27,0.424554,-0.259313,0.031645,28,0.54388,-0.353213,0.0287631,29,0.486582,-0.273326,0.0299065,30,0.437531,-0.256925,0.0289384,31,0.481661,-0.274545,0.0371424,32,0.477002,-0.255128,0.0290019,33,0.473844,-0.241332,0.0290548,34,0.463227,-0.3033,0.0362104,35,0.447929,-0.332838,0.029127,36,0.499772,-0.311539,0.0318714,37,0.495626,-0.294355,0.0304193,38,0.537118,-0.302881,0.0302636,39,0.521983,-0.270221,0.0318519,40,0.502922,-0.322392,0.0303037,41,0.461152,-0.345136,0.0331951,42,0.49301,-0.308926,0.029918,43,0.529426,-0.253327,0.0323233,44,0.513909,-0.283998,0.0308359,45,0.528503,-0.261043,0.0316034,46,0.512378,-0.337387,0.0506176,47,0.481642,-0.29172,0.039908,48,0.463774,-0.322957,0.0326755,49,0.622232,-0.300803,0.0337894,50,0.501338,-0.261541,0.0320974,51,0.55025,-0.344046,0.0395386,52,0.510396,-0.290572,0.048183,53,0.462041,-0.361479,0.0312855,54,0.45742,-0.279324,0.0328451,55,0.472495,-0.293431,0.0416197,56,0.47602,-0.369671,0.0288148,57,0.428095,-0.261439,0.030997,58,0.583875,-0.28622,0.0331573,59,0.363976,-0.300453,0.0359189,60,0.44091,-0.264342,0.0320174,61,0.574947,-0.299238,0.0377915,62,0.548791,-0.268211,0.0355531,63,0.494607,-0.307362,0.0366718,64,0.44568,-0.279364,0.0354685,65,0.635292,-0.252043,0.0308344,66,0.487449,-0.2914,0.029081,67,0.447708,-0.245373,0.0305814,68,0.418419,-0.253542,0.0311555,69,0.508033,-0.254029,0.0290893,70,0.488522,-0.257363,0.0296604,71,0.487953,-0.380414,0.0313411,72,0.461248,-0.32166,0.0321313,73,0.478513,-0.243246,0.0311869,74,0.459118,-0.32401,0.0287717,75,0.481139,-0.333875,0.0305922,76,0.479222,-0.2953,0.0295089,77,0.579104,-0.246561,0.0303108,78,0.521411,-0.310497,0.0313727,79,0.533307,-0.298658,0.0320797,80,0.507365,-0.241344,0.0298142,81,0.483834,-0.297386,0.0296717,82,0.560007,-0.379188,0.0292642,83,0.595039,-0.325258,0.0414204,84,0.449216,-0.383988,0.0291694,85,0.574771,-0.283131,0.0316137,86,0.56212,-0.300862,0.0317022,87,0.498484,-0.273586,0.0349988,88,0.469223,-0.347071,0.0295413,89,0.537484,-0.272904,0.0550475,90,0.462482,-0.327876,0.0313935,91,0.509145,-0.324328,0.0295963,92,0.519724,-0.27706,0.0299577,93,0.577636,-0.265843,0.0300609,94,0.461631,-0.301383,0.0333276,95,0.459272,-0.277302,0.0414856,96,0.582377,-0.259432,0.0418873,97,0.462095,-0.303221,0.0305916,98,0.573507,-0.352297,0.0304771,99,0.505203,-0.357379,0.02885,
generation,34,0,0.472212,-0.272491,0.0298631,1,0.469201,-0.28504,0.0413345,2,0.503401,-0.32385,0.0338389,3,0.485236,-0.368189,0.0311092,4,0.498841,-0.315782,0.0383884,5,0.450208,-0.28154,0.0363834,6,0.515414,-0.286819,0.0434396,7,0.554731,-0.306952,0.0359859,8,0.513641,-0.257983,0.0338309,9,0.482611,-0.342921,0.0374627,10,0.45422,-0.362932,0.0322307,11,0.484991,-0.329256,0.0288989,12,0.499802,-0.250957,0.0291941,13,0.48546,-0.305918,0.035971,14,0.550318,-0.258556,0.0308521,15,0.539007,-0.253823,0.0289785,16,0.637792,-0.249808,0.0300066,17,0.520719,-0.349206,0.0324423,18,0.480484,-0.330906,0.0313874,19,0.527707,-0.38324,0.0328268,20,0.483652,-0.340914,0.0375917,21,0.58377,-0.335395,0.0431544,22,0.458123,-0.258386,0.0288308,23,0.441158,-0.274816,0.0304559,24,0.505047,-0.304832,0.035363,25,0.59249,-0.291598,0.0294524,26,0.538029,-0.305387,0.0315909,27,0.343777,-0.234675,0.0424439,28,0.47119,-0.293711,0.0286958,29,0.530639,-0.249665,0.0290036,30,0.503246,-0.267904,0.0302778,31,0.570837,-0.343997,0.0439648,32,0.445022,-0.276701,0.0413305,33,0.48133,-0.278105,0.0321457,34,0.52115,-0.358766,0.0293265,35,0.462357,-0.269073,0.0297604,36,0.512933,-0.276218,0.0332645,37,0.41208,-0.311856,0.0316069,38,0.42419,-0.27879,0.0296015,39,0.545644,-0.266072,0.0300132,40,0.565273,-0.271281,0.0355646,41,0.511501,-0.257099,0.0329762,42,0.543633,-0.253213,0.0292007,43,0.597185,-0.255046,0.0306879,44,0.445426,-0.301677,0.0368957,45,0.521986,-0.320327,0.0332304,46,0.616922,-0.261965,0.0377947,47,0.489208,-0.27227,0.0293953,48,0.527349,-0.264403,0.0294194,49,0.513258,-0.339521,0.0368272,50,0.521411,-0.256513,0.0303133,51,0.510461,-0.275597,0.037662,52,0.57263,-0.240674,0.0294584,53,0.549057,-0.255737,0.0350105,54,0.517885,-0.369136,0.030266,55,0.411985,-0.26035,0.0302737,56,0.531879,-0.243631,0.0350986,57,0.526797,-0.299968,0.0412702,58,0.481749,-0.364969,0.0336112,59,0.526857,-0.249434,0.0330909,60,0.462656,-0.377264,0.0348865,61,0.459057,-0.2582,0.0295041,62,0.407457,-0.318945,0.0418639,63,0.460586,-0.384713,0.031733,64,0.51044,-0.290213,0.0429776,65,0.532333,-0.27001,0.0298322,66,0.44324,-0.305692,0.0291588,67,0.452429,-0.298253,0.0323287,68,0.497785,-0.248136,0.029714,69,0.519017,-0.328878,0.0302371,70,0.482407,-0.295186,0.0328186,71,0.510462,-0.259885,0.029866,72,0.532388,-0.254129,0.0308572,73,0.506945,-0.251448,0.0314469,74,0.493382,-0.277155,0.0299151,75,0.480074,-0.29501,0.0334968,76,0.437972,-0.279156,0.0337959,77,0.504216,-0.282785,0.0315012,78,0.439293,-0.291711,0.031185,79,0.504261,-0.334701,0.0379449,80,0.505683,-0.26186,0.0316713,81,0.493517,-0.259424,0.0286718,82,0.567048,-0.256261,0.0307851,83,0.405862,-0.252144,0.0301361,84,0.469037,-0.303617,0.0490666,85,0.495144,-0.249333,0.0360058,86,0.520459,-0.266545,0.0297811,87,0.455964,-0.273443,0.0317989,88,0.581004,-0.298115,0.0384494,89,0.544731,-0.322915,0.0336907,90,0.523606,-0.239331,0.0327281,91,0.489934,-0.258115,0.033106,92,0.690902,-0.325873,0.0347559,93,0.607793,-0.272652,0.0381426,94,0.543198,-0.245951,0.0376739,95,0.448397,-0.302295,0.0478564,96,0.453387,-0.346857,0.0346744,97,0.561095,-0.317915,0.0330335,98,0.483342,-0.278108,0.0399988,99,0.529136,-0.253373,0.0312757,
generation,35,0,0.478643,-0.325567,0.0312383,1,0.597338,-0.279679,0.0357669,2,0.418767,-0.26709,0.0289499,3,0.497034,-0.287438,0.0298783,4,0.571986,-0.266489,0.0346721,5,0.521627,-0.308236,0.0360277,6,0.489022,-0.315904,0.0406127,7,0.619987,-0.305175,0.0356934,8,0.555372,-0.266025,0.0406829,9,0.448697,-0.279868,0.0396632,10,0.539192,-0.352238,0.0388943,11,0.594515,-0.336482,0.0426895,12,0.490075,-0.299995,0.0299563,13,0.575721,-0.361909,0.0301148,14,0.469883,-0.329703,0.0451149,15,0.522517,-0.268811,0.0316832,16,0.44034,-0.368222,0.0307498,17,0.548979,-0.274004,0.0325491,18,0.455022,-0.245432,0.02993,19,0.508748,-0.269862,0.0337171,20,0.483071,-0.279497,0.0383756,21,0.580443,-0.249695,0.0312825,22,0.553363,-0.255532,0.0300804,23,0.489912,-0.298991,0.0338188,24,0.387305,-0.248079,0.0342271,25,0.492665,-0.29115,0.037523,26,0.478338,-0.349485,0.0295991,27,0.466338,-0.286257,0.0327619,28,0.512964,-0.290274,0.0314722,29,0.502811,-0.275002,0.0380244,30,0.439804,-0.297757,0.0331681,31,0.464217,-0.330176,0.0301546,32,0.443935,-0.28333,0.0305404,33,0.506758,-0.294993,0.0320298,34,0.466113,-0.259008,0.0492611,35,0.508475,-0.281429,0.0399056,36,0.55452,-0.328654,0.0372965,37,0.500275,-0.245349,0.028962,38,0.557386,-0.242724,0.0370911,39,0.580435,-0.254534,0.0418413,40,0.54762,-0.375016,0.0329623,41,0.515007,-0.391295,0.0290452,42,0.429476,-0.260897,0.0304246,43,0.511768,-0.243964,0.0298353,44,0.475108,-0.276924,0.0289696,45,0.552313,-0.251939,0.0344967,46,0.456786,-0.266244,0.032898,47,0.603642,-0.309182,0.0342826,48,0.500095,-0.267083,0.0347723,49,0.585897,-0.264452,0.0354454,50,0.521072,-0.262999,0.0300096,51,0.5264,-0.32645,0.0300678,52,0.513906,-0.262658,0.030324,53,0.443288,-0.270324,0.03037,54,0.459333,-0.320214,0.0447754,55,0.443947,-0.244074,0.0301889,56,0.439639,-0.29851,0.0322847,57,0.521917,-0.326154,0.0443458,58,0.437767,-0.336928,0.0291206,59,0.438209,-0.278521,0.0321544,60,0.455237,-0.268096,0.0296474,61,0.529793,-0.254639,0.0302815,62,0.441763,-0.270798,0.0387018,63,0.55192,-0.240734,0.0311326,64,0.395178,-0.26388,0.0295856,65,0.532282,-0.285153,0.0353226,66,0.456443,-0.355242,0.0328917,67,0.46647,-0.355661,0.0457526,68,0.390902,-0.352825,0.029341,69,0.646605,-0.260729,0.0331562,70,0.489675,-0.240879,0.0450055,71,0.411379,-0.287102,0.0342448,72,0.47063,-0.253596,0.0504913,73,0.384247,-0.299908,0.0348174,74,0.474535,-0.252326,0.0322636,75,0.41812,-0.252568,0.0301029,76,0.527163,-0.259639,0.0358817,77,0.507433,-0.259028,0.0326839,78,0.491222,-0.371138,0.0343045,79,0.590819,-0.282687,0.0363877,80,0.450278,-0.295415,0.0381538,81,0.400145,-0.283564,0.0299018,82,0.440958,-0.332021,0.0387709,83,0.534229,-0.267815,0.0331514,84,0.460679,-0.261915,0.02926,85,0.566144,-0.238465,0.0312139,86,0.461381,-0.298588,0.0335755,87,0.46291,-0.324673,0.0341021,88,0.426885,-0.280394,0.0306565,89,0.630847,-0.30654,0.0309815,90,0.557544,-0.300199,0.0382772,91,0.414423,-0.259572,0.0294544,92,0.582297,-0.253056,0.0302434,93,0.391759,-0.300086,0.0375041,94,0.537087,-0.313406,0.0347627,95,0.456867,-0.299726,0.0314595,96,0.538425,-0.298156,0.0393458,97,0.443266,-0.269909,0.0313706,98,0.48207,-0.277274,0.0384227,99,0.54706,-0.278577,0.0289962,
generation,36,0,0.455908,-0.282381,0.0350977,1,0.477338,-0.264961,0.0314599,2,0.486279,-0.35922,0.0373893,3,0.411103,-0.331811,0.0289392,4,0.463013,-0.29913,0.032008,5,0.538482,-0.269213,0.0307788,6,0.51595,-0.33073,0.0401867,7,0.463802,-0.257726,0.0313283,8,0.487884,-0.295664,0.0307536,9,0.50998,-0.376171,0.0315874,10,0.454765,-0.278271,0.0413525,11,0.424938,-0.308935,0.0328719,12,0.445423,-0.262573,0.0289688,13,0.427405,-0.263214,0.0287817,14,0.466089,-0.308292,0.0380721,15,0.56656,-0.261226,0.0315113,16,0.460366,-0.267912,0.029166,17,0.417871,-0.366618,0.0324791,18,0.488247,-0.314169,0.0292444,19,0.563774,-0.320332,0.0410275,20,0.420613,-0.248797,0.0336576,21,0.497083,-0.330016,0.0323112,22,0.394049,-0.331444,0.0418371,23,0.470344,-0.274335,0.0392668,24,0.505818,-0.295034,0.0433555,25,0.498391,-0.300388,0.0312454,26,0.689014,-0.249409,0.0292866,27,0.515954,-0.281601,0.0303892,28,0.545964,-0.264027,0.0304644,29,0.570694,-0.286303,0.0425079,30,0.529695,-0.259265,0.0332542,31,0.461359,-0.266111,0.0290175,32,0.450545,-0.288832,0.0357981,33,0.559976,-0.280883,0.0316359,34,0.477092,-0.314161,0.0292168,35,0.551587,-0.35237,0.0290525,36,0.488922,-0.282019,0.029226,37,0.530967,-0.248096,0.0298122,38,0.517835,-0.241733,0.029437,39,0.504008,-0.27633,0.029558,40,0.456651,-0.244202,0.0290871,41,0.439847,-0.278996,0.028744,42,0.418245,-0.277894,0.032524,43,0.558644,-0.287155,0.0468104,44,0.434374,-0.360021,0.0290984,45,0.463128,-0.299099,0.0335285,46,0.41604,-0.305451,0.0389439,47,0.506306,-0.333599,0.02918,48,0.535677,-0.293255,0.0344102,49,0.55904,-0.305153,0.0441399,50,0.464993,-0.279236,0.030808,51,0.492124,-0.296647,0.0314584,52,0.448602,-0.341518,0.032347,53,0.535739,-0.250185,0.0346764,54,0.625218,-0.337694,0.0428487,55,0.519651,-0.281959,0.0297025,56,0.51395,-0.239137,0.0366957,57,0.460567,-0.35284,0.0324673,58,0.392494,-0.296626,0.0311436,59,0.535626,-0.320104,0.0304114,60,0.535617,-0.325242,0.0298579,61,0.533014,-0.26313,0.0343713,62,0.437123,-0.280662,0.0316981,63,0.507617,-0.287887,0.0345661,64,0.429898,-0.249063,0.0294397,65,0.541252,-0.242781,0.0325795,66,0.521512,-0.248956,0.0291074,67,0.562225,-0.266144,0.0305727,68,0.530971,-0.309267,0.0312719,69,0.601605,-0.325209,0.0336147,70,0.438746,-0.273822,0.0316357,71,0.422955,-0.254609,0.0287458,72,0.485009,-0.267799,0.0387234,73,0.520166,-0.278342,0.0291851,74,0.497407,-0.281195,0.0310264,75,0.45334,-0.239233,0.0302187,76,0.406303,-0.246117,0.0302322,77,0.467724,-0.257092,0.0294818,78,0.48136,-0.337497,0.0318395,79,0.542389,-0.259592,0.0311342,80,0.470073,-0.276942,0.0338815,81,0.519811,-0.296558,0.0310397,82,0.495353,-0.262034,0.0332219,83,0.474853,-0.322637,0.0304736,84,0.495788,-0.250776,0.0303091,85,0.432023,-0.291695,0.0404306,86,0.504742,-0.258471,0.0414148,87,0.446381,-0.263126,0.0288364,88,0.531454,-0.247463,0.0293138,89,0.513065,-0.26037,0.0290553,90,0.508744,-0.268151,0.0355749,91,0.455706,-0.254351,0.0298534,92,0.537441,-0.247788,0.0393039,93,0.534711,-0.302033,0.0347798,94,0.53693,-0.277116,0.0375539,95,0.486964,-0.264515,0.0342171,96,0.421981,-0.243243,0.0378896,97,0.54667,-0.293335,0.0311248,98,0.561136,-0.286934,0.0416816,99,0.437711,-0.307437,0.0298888,
generation,37,0,0.493508,-0.293153,0.0323164,1,0.459439,-0.255261,0.0293615,2,0.520768,-0.253214,0.0288882,3,0.465209,-0.354852,0.0332158,4,0.511198,-0.276364,0.0329108,5,0.480198,-0.263393,0.0317448,6,0.460791,-0.263586,0.0307077,7,0.500681,-0.271502,0.0292612,8,0.584478,-0.290416,0.0326294,9,0.509879,-0.288171,0.031147,10,0.478591,-0.307154,0.0297577,11,0.630764,-0.23964,0.0400235,12,0.484021,-0.263119,0.0292926,13,0.524634,-0.268495,0.0289716,14,0.49241,-0.395344,0.0307793,15,0.593589,-0.242015,0.0300787,16,0.429469,-0.258465,0.0294813,17,0.428925,-0.270837,0.0293423,18,0.534987,-0.324045,0.0406041,19,0.498761,-0.292826,0.0406485,20,0.50871,-0.32183,0.033004,21,0.479717,-0.342484,0.0364788,22,0.528359,-0.303153,0.0334915,23,0.436385,-0.372081,0.0337274,24,0.564333,-0.270924,0.0426776,25,0.482862,-0.370939,0.0308184,26,0.509664,-0.345636,0.0301618,27,0.442739,-0.29468,0.0348658,28,0.473623,-0.271211,0.0368816,29,0.584182,-0.320617,0.0421655,30,0.431589,-0.280087,0.030059,31,0.446968,-0.382959,0.0307276,32,0.526432,-0.247471,0.028845,33,0.459519,-0.340233,0.0323754,34,0.456028,-0.245327,0.0304926,35,0.43803,-0.25079,0.0394256,36,0.538614,-0.26165,0.0378928,37,0.460026,-0.373232,0.032254,38,0.551258,-0.298297,0.0303563,39,0.504433,-0.288001,0.0303389,40,0.586596,-0.261193,0.0319573,41,0.589759,-0.305514,0.0306561,42,0.429544,-0.337913,0.0324068,43,0.487349,-0.294866,0.0373233,44,0.534194,-0.280037,0.0391144,45,0.510398,-0.250172,0.029545,46,0.578438,-0.276236,0.0298228,47,0.529174,-0.320459,0.0296506,48,0.510893,-0.251725,0.0294295,49,0.498341,-0.26264,0.0289634,50,0.422016,-0.354971,0.0347823,51,0.542811,-0.244971,0.0289177,52,0.506831,-0.265913,0.0303793,53,0.518549,-0.257986,0.0292771,54,0.489139,-0.314871,0.0308449,55,0.57749,-0.251434,0.0308787,56,0.520966,-0.27347,0.0309917,57,0.463258,-0.29944,0.0337399,58,0.471848,-0.253975,0.0370202,59,0.490755,-0.284058,0.0332686,60,0.527629,-0.311084,0.0403066,61,0.557837,-0.260257,0.0371918,62,0.579731,-0.274902,0.0311325,63,0.432011,-0.289861,0.0292524,64,0.497519,-0.252627,0.032245,65,0.452032,-0.307675,0.0353075,66,0.429865,-0.298189,0.0302257,67,0.50524,-0.268435,0.030743,68,0.514901,-0.247258,0.0306045,69,0.481692,-0.252071,0.0293643,70,0.522448,-0.293769,0.0294005,71,0.444688,-0.259386,0.0314818,72,0.555595,-0.267912,0.0299522,73,0.544289,-0.259093,0.0298622,74,0.381667,-0.390469,0.0338877,75,0.42822,-0.297738,0.0306146,76,0.455758,-0.25832,0.0288202,77,0.512086,-0.289065,0.032377,78,0.480155,-0.283523,0.0414249,79,0.547408,-0.275936,0.0288599,80,0.57339,-0.272812,0.0332475,81,0.469685,-0.257169,0.0303917,82,0.553578,-0.257912,0.0393571,83,0.593135,-0.303715,0.0430791,84,0.577145,-0.277759,0.0323199,85,0.483711,-0.307955,0.0327628,86,0.511274,-0.324838,0.029711,87,0.555497,-0.266911,0.0289347,88,0.571197,-0.251481,0.0356007,89,0.512804,-0.245865,0.0294988,90,0.453124,-0.299603,0.0298166,91,0.440887,-0.324147,0.0317914,92,0.477015,-0.249781,0.0324369,93,0.488164,-0.298355,0.0410893,94,0.520177,-0.273396,0.0311165,95,0.523685,-0.24309,0.0297248,96,0.45323,-0.25604,0.030717,97,0.463205,-0.292695,0.0326479,98,0.513336,-0.340838,0.0362125,99,0.497415,-0.281075,0.0304887,
generation,38,0,0.408117,-0.262405,0.0388255,1,0.457653,-0.330348,0.0327987,2,0.566953,-0.287496,0.0325832,3,0.539714,-0.255049,0.0370222,4,0.547425,-0.249521,0.0287623,5,0.429562,-0.320783,0.0345563,6,0.508229,-0.280172,0.0386451,7,0.4658,-0.282079,0.0300991,8,0.510804,-0.351949,0.0291092,9,0.449692,-0.246881,0.028681,10,0.552546,-0.246129,0.0393867,11,0.580188,-0.249829,0.0354052,12,0.448957,-0.242981,0.0300539,13,0.622656,-0.301634,0.0419028,14,0.526723,-0.251394,0.0291685,15,0.477742,-0.272017,0.0394356,16,0.487897,-0.271068,0.0301101,17,0.476761,-0.252862,0.029424,18,0.545487,-0.28271,0.0299545,19,0.463313,-0.316178,0.0290282,20,0.5451,-0.294928,0.0453033,21,0.420935,-0.299078,0.0317996,22,0.501622,-0.239988,0.02888,23,0.445552,-0.274949,0.0295853,24,0.478508,-0.253974,0.0295369,25,0.51317,-0.265554,0.0430903,26,0.518977,-0.266356,0.0303946,27,0.560956,-0.237367,0.0334769,28,0.567454,-0.254531,0.0337286,29,0.655817,-0.291705,0.0422605,30,0.607784,-0.258123,0.0298461,31,0.543852,-0.264489,0.0374923,32,0.616867,-0.311547,0.0395653,33,0.5044,-0.243682,0.030568,34,0.449274,-0.263342,0.0323199,35,0.476934,-0.30921,0.0313739,36,0.424972,-0.25779,0.0317179,37,0.453541,-0.318824,0.0425331,38,0.440415,-0.394415,0.0302947,39,0.503546,-0.279887,0.0340349,40,0.575855,-0.275737,0.0420125,41,0.51133,-0.240258,0.0307524,42,0.418258,-0.245242,0.034016,43,0.528704,-0.287519,0.0318183,44,0.554643,-0.310122,0.0314209,45,0.480286,-0.263878,0.0294298,46,0.487529,-0.296364,0.0304422,47,0.549772,-0.312746,0.0292599,48,0.523192,-0.280403,0.0366535,49,0.48253,-0.259356,0.0310877,50,0.441753,-0.380902,0.0326002,51,0.512656,-0.268689,0.0292163,52,0.579499,-0.254745,0.0289668,53,0.557992,-0.287284,0.0353777,54,0.419859,-0.344933,0.029734,55,0.549985,-0.278767,0.0302304,56,0.594811,-0.24604,0.0328878,57,0.433382,-0.250043,0.0291035,58,0.472896,-0.250141,0.0298872,59,0.492799,-0.281774,0.0298461,60,0.457198,-0.312456,0.028881,61,0.477226,-0.363106,0.0290708,62,0.500716,-0.265432,0.0322141,63,0.540325,-0.268245,0.0305155,64,0.573099,-0.244702,0.0325033,65,0.497481,-0.246738,0.0292396,66,0.444822,-0.270775,0.0289177,67,0.557265,-0.363502,0.0316729,68,0.527052,-0.282407,0.03508,69,0.547178,-0.263215,0.0321597,70,0.613172,-0.245517,0.032528,71,0.497257,-0.290688,0.0295031,72,0.503357,-0.245843,0.0303089,73,0.409302,-0.375761,0.0348002,74,0.638907,-0.265692,0.0336948,75,0.56671,-0.290117,0.0376318,76,0.415533,-0.277239,0.0312222,77,0.439901,-0.31863,0.0324263,78,0.555753,-0.246077,0.0298815,79,0.479261,-0.243702,0.0287999,80,0.550738,-0.275942,0.0343022,81,0.53505,-0.286294,0.0309212,82,0.464193,-0.342918,0.0319313,83,0.540581,-0.311302,0.0360639,84,0.573211,-0.257729,0.0309561,85,0.590309,-0.242833,0.0299587,86,0.52057,-0.288738,0.0302882,87,0.534454,-0.308785,0.0330625,88,0.596266,-0.257524,0.0332552,89,0.499743,-0.2582,0.0349281,90,0.556086,-0.276285,0.0347555,91,0.52908,-0.276221,0.0298088,92,0.449073,-0.272772,0.0304302,93,0.503783,-0.387733,0.0375835,94,0.525514,-0.24107,0.0346274,95,0.50762,-0.357915,0.0339536,96,0.529588,-0.270201,0.0307854,97,0.542103,-0.276268,0.0303721,98,0.596453,-0.260803,0.0303221,99,0.406024,-0.26617,0.0302356,
generation,39,0,0.467819,-0.292927,0.0337737,1,0.503702,-0.258563,0.0319307,2,0.434094,-0.26739,0.0298675,3,0.636846,-0.310973,0.0388831,4,0.510411,-0.301859,0.0294071,5,0.534043,-0.338635,0.0298288,6,0.401403,-0.268151,0.0293066,7,0.575395,-0.268735,0.0288864,8,0.501388,-0.34492,0.0319681,9,0.575879,-0.269105,0.0302284,10,0.508934,-0.251043,0.0292846,11,0.505471,-0.24495,0.0290374,12,0.591582,-0.291106,0.0374931,13,0.455105,-0.251467,0.0332361,14,0.487763,-0.285189,0.0304097,15,0.509566,-0.278989,0.031971,16,0.539398,-0.25518,0.0308821,17,0.493645,-0.315331,0.0439021,18,0.550604,-0.257596,0.0300747,19,0.520235,-0.253939,0.0402586,20,0.549957,-0.248554,0.0306976,21,0.461087,-0.369067,0.0292263,22,0.538132,-0.329614,0.0292867,23,0.528075,-0.276668,0.0439161,24,0.465893,-0.297805,0.0296309,25,0.436198,-0.253252,0.0292202,26,0.473067,-0.32929,0.0319274,27,0.569092,-0.275332,0.0314045,28,0.463504,-0.266025,0.030161,29,0.537408,-0.365723,0.0372829,30,0.545931,-0.271736,0.0326751,31,0.596184,-0.242713,0.0299048,32,0.544731,-0.257269,0.0305422,33,0.421361,-0.275698,0.0296695,34,0.47343,-0.287757,0.0298707,35,0.471173,-0.246068,0.0305042,36,0.546945,-0.316261,0.0318899,37,0.526258,-0.244658,0.0308626,38,0.585615,-0.264783,0.030209,39,0.566374,-0.253086,0.0300415,40,0.50996,-0.305824,0.0318484,41,0.528969,-0.248897,0.033365,42,0.471654,-0.260331,0.0401515,43,0.559524,-0.244847,0.0314483,44,0.533584,-0.246538,0.0296984,45,0.484045,-0.249137,0.0397485,46,0.438511,-0.240681,0.0302196,47,0.496285,-0.284969,0.0366343,48,0.409323,-0.336491,0.0309659,49,0.560415,-0.301694,0.0312754,50,0.540972,-0.259204,0.0294383,51,0.491258,-0.247108,0.0316373,52,0.543271,-0.248379,0.0294238,53,0.578217,-0.245217,0.0299868,54,0.459218,-0.370412,0.0302413,55,0.485112,-0.264498,0.0372803,56,0.526246,-0.282909,0.0295558,57,0.594955,-0.24815,0.0301354,58,0.514983,-0.248501,0.0308782,59,0.491709,-0.264573,0.0318518,60,0.588407,-0.241982,0.0288203,61,0.566012,-0.254222,0.0306189,62,0.432986,-0.262181,0.0321942,63,0.586953,-0.273578,0.0396197,64,0.491399,-0.297329,0.0300255,65,0.472932,-0.252602,0.0317791,66,0.482831,-0.315905,0.0315062,67,0.612649,-0.273986,0.035779,68,0.536772,-0.256505,0.0299004,69,0.50396,-0.325095,0.0293146,70,0.576243,-0.245759,0.0299646,71,0.492597,-0.286499,0.0354153,72,0.513968,-0.263082,0.0364671,73,0.49481,-0.248396,0.0380343,74,0.452123,-0.273822,0.0341856,75,0.465215,-0.257384,0.0308099,76,0.545718,-0.269539,0.0316704,77,0.468597,-0.243813,0.0298234,78,0.570364,-0.252282,0.0414771,79,0.434074,-0.33693,0.0314058,80,0.515334,-0.251585,0.0307257,81,0.445431,-0.269915,0.0328993,82,0.456538,-0.33109,0.0300356,83,0.475918,-0.292312,0.029496,84,0.476968,-0.275898,0.0327461,85,0.547789,-0.330648,0.0292529,86,0.520375,-0.328536,0.041557,87,0.512193,-0.241805,0.0300256,88,0.591415,-0.238914,0.0324271,89,0.543061,-0.271723,0.0322804,90,0.451867,-0.276221,0.0306187,91,0.451797,-0.270669,0.0313301,92,0.434267,-0.262774,0.0302326,93,0.492661,-0.262903,0.0293772,94,0.549888,-0.248319,0.0315038,95,0.526457,-0.276597,0.0353993,96,0.407231,-0.265063,0.028827,97,0.565791,-0.277593,0.0333527,98,0.423208,-0.242472,0.0299458,99,0.552827,-0.262435,0.0291933,
generation,40,0,0.608028,-0.258181,0.03119,1,0.426931,-0.302809,0.0327883,2,0.629855,-0.264321,0.0339471,3,0.448446,-0.254197,0.0294466,4,0.433349,-0.315063,0.0305368,5,0.509129,-0.30277,0.0337384,6,0.493146,-0.386539,0.0297475,7,0.489449,-0.246262,0.0299169,8,0.433213,-0.363964,0.0332293,9,0.505366,-0.338237,0.034397,10,0.547699,-0.296684,0.0334252,11,0.545982,-0.254455,0.0303729,12,0.570718,-0.25295,0.02996,13,0.545673,-0.287283,0.0359836,14,0.504828,-0.238659,0.0307402,15,0.519651,-0.329174,0.031898,16,0.438478,-0.295352,0.029662,17,0.431086,-0.244957,0.0292118,18,0.498521,-0.31439,0.0350152,19,0.462836,-0.390807,0.0421497,20,0.489715,-0.303775,0.0317304,21,0.57657,-0.274045,0.032657,22,0.496864,-0.251452,0.0324741,23,0.536854,-0.361987,0.0355868,24,0.514195,-0.275152,0.0304684,25,0.513489,-0.243441,0.0296575,26,0.523635,-0.234614,0.030169,27,0.582803,-0.24539,0.0295043,28,0.525994,-0.244911,0.0313872,29,0.449613,-0.256831,0.0300526,30,0.46955,-0.251214,0.029099,31,0.52052,-0.274409,0.0305264,32,0.55123,-0.292807,0.0323575,33,0.439832,-0.359205,0.0308027,34,0.544097,-0.347266,0.0291867,35,0.432832,-0.243433,0.029816,36,0.519363,-0.283419,0.0347478,37,0.585917,-0.268053,0.0289388,38,0.517444,-0.264384,0.0328677,39,0.490746,-0.2442,0.0305413,40,0.517323,-0.341812,0.030022,41,0.459404,-0.26337,0.0288917,42,0.47867,-0.311748,0.0430017,43,0.460547,-0.256886,0.0287357,44,0.438982,-0.281584,0.0305301,45,0.499637,-0.25673,0.0302442,46,0.426225,-0.28366,0.0339207,47,0.457651,-0.270018,0.0298747,48,0.529265,-0.250005,0.0360842,49,0.47104,-0.254117,0.0317694,50,0.567675,-0.262869,0.0394301,51,0.528171,-0.250537,0.0359035,52,0.472318,-0.344962,0.0451458,53,0.476084,-0.389904,0.0299431,54,0.402205,-0.25715,0.0308053,55,0.519743,-0.345255,0.0292785,56,0.619443,-0.265441,0.0372168,57,0.523594,-0.264115,0.0306841,58,0.571045,-0.304338,0.0287779,59,0.565243,-0.24583,0.0296984,60,0.505251,-0.248059,0.0345834,61,0.411005,-0.251996,0.0301502,62,0.493335,-0.263776,0.0310429,63,0.554029,-0.32029,0.0301859,64,0.585561,-0.245398,0.0327435,65,0.511115,-0.267467,0.0316603,66,0.559314,-0.247538,0.0306434,67,0.492042,-0.281354,0.0306429,68,0.493618,-0.256271,0.0290378,69,0.591034,-0.237642,0.0371201,70,0.50237,-0.261641,0.0298191,71,0.639778,-0.241221,0.0320371,72,0.551384,-0.282556,0.0304444,73,0.530158,-0.2592,0.0299396,74,0.526558,-0.265676,0.0332195,75,0.483118,-0.344228,0.030263,76,0.466641,-0.264622,0.0303776,77,0.530666,-0.255172,0.0296927,78,0.439524,-0.251385,0.0305793,79,0.525166,-0.311523,0.0296161,80,0.43903,-0.353105,0.0286573,81,0.527446,-0.275384,0.0296946,82,0.554684,-0.244258,0.0295935,83,0.537603,-0.265291,0.0308521,84,0.482813,-0.272004,0.0321096,85,0.567272,-0.288876,0.0392717,86,0.591375,-0.265049,0.037238,87,0.534321,-0.272525,0.0290889,88,0.51045,-0.346998,0.0300769,89,0.395947,-0.288072,0.0315155,90,0.589545,-0.328968,0.0390058,91,0.463358,-0.27523,0.0329518,92,0.469875,-0.254958,0.0299563,93,0.442926,-0.248799,0.0302543,94,0.489319,-0.249416,0.0342216,95,0.525886,-0.287205,0.03185,96,0.469485,-0.314759,0.0309253,97,0.534497,-0.33323,0.0408393,98,0.559158,-0.315775,0.0355159,99,0.464268,-0.259089,0.0366226,
generation,41,0,0.605742,-0.25296,0.0338782,1,0.508517,-0.259462,0.0409917,2,0.489198,-0.302386,0.0294849,3,0.450185,-0.347676,0.0311446,4,0.528864,-0.265524,0.0422456,5,0.548186,-0.246892,0.0320574,6,0.60172,-0.279211,0.0530628,7,0.535583,-0.391279,0.0296663,8,0.498502,-0.241221,0.0288768,9,0.532265,-0.259123,0.0300429,10,0.455431,-0.275488,0.032064,11,0.537716,-0.26716,0.0306397,12,0.443915,-0.316108,0.0328005,13,0.522216,-0.265367,0.0286837,14,0.42056,-0.246986,0.0307172,15,0.512398,-0.270517,0.0332635,16,0.582432,-0.241481,0.0304651,17,0.619658,-0.25579,0.0329097,18,0.483415,-0.26063,0.0289036,19,0.494867,-0.257913,0.0300247,20,0.460442,-0.2501,0.0346699,21,0.479673,-0.24203,0.0320848,22,0.524637,-0.256334,0.0349449,23,0.582355,-0.253467,0.0302684,24,0.451156,-0.255098,0.0332922,25,0.353405,-0.274902,0.0302509,26,0.610169,-0.246605,0.0301479,27,0.488084,-0.2791,0.0324218,28,0.462074,-0.253521,0.0309589,29,0.44641,-0.268051,0.0296914,30,0.426975,-0.344867,0.0325547,31,0.425356,-0.340763,0.0311038,32,0.54662,-0.244742,0.0411168,33,0.520835,-0.311925,0.035859,34,0.4993,-0.294996,0.0398055,35,0.471998,-0.246223,0.0293867,36,0.570121,-0.265173,0.0297668,37,0.556112,-0.248844,0.033159,38,0.470089,-0.23926,0.0290855,39,0.521823,-0.272015,0.0330035,40,0.486567,-0.238818,0.0305861,41,0.427066,-0.254584,0.0317589,42,0.489977,-0.263765,0.0299182,43,0.509749,-0.268241,0.0299154,44,0.506706,-0.260113,0.0310482,45,0.504792,-0.282206,0.0303873,46,0.555208,-0.305451,0.029855,47,0.492019,-0.28437,0.0326288,48,0.521992,-0.250682,0.0311505,49,0.540792,-0.261415,0.0303414,50,0.530583,-0.323454,0.0310808,51,0.586748,-0.303436,0.0349879,52,0.440276,-0.26105,0.0287509,53,0.533662,-0.260623,0.0317629,54,0.583722,-0.243604,0.0304699,55,0.477197,-0.270483,0.0302294,56,0.568686,-0.277652,0.0431071,57,0.486483,-0.266093,0.0302622,58,0.504226,-0.273898,0.0288453,59,0.538183,-0.337976,0.031042,60,0.512976,-0.272692,0.0290192,61,0.498083,-0.247784,0.0289185,62,0.462121,-0.272778,0.0312819,63,0.540387,-0.250578,0.0336396,64,0.480812,-0.322685,0.0292225,65,0.411255,-0.288945,0.0322599,66,0.567765,-0.260737,0.0333211,67,0.44011,-0.311497,0.0344115,68,0.472428,-0.306351,0.0404957,69,0.51156,-0.260807,0.0287694,70,0.449674,-0.25532,0.0294019,71,0.470789,-0.245256,0.0289458,72,0.45905,-0.268398,0.0289395,73,0.433728,-0.333296,0.0338741,74,0.527121,-0.266065,0.0376242,75,0.400005,-0.245182,0.0293627,76,0.564427,-0.268297,0.031142,77,0.429244,-0.345621,0.0290575,78,0.506467,-0.287272,0.0290686,79,0.474166,-0.247286,0.0290848,80,0.503216,-0.364675,0.0353159,81,0.446729,-0.346371,0.0299335,82,0.523656,-0.239054,0.0327774,83,0.425649,-0.316364,0.0293381,84,0.496297,-0.303509,0.0298172,85,0.516429,-0.24006,0.0300558,86,0.522775,-0.29269,0.0313713,87,0.470894,-0.285248,0.0327339,88,0.49964,-0.347073,0.0310606,89,0.455639,-0.273274,0.0298598,90,0.484387,-0.275537,0.0288579,91,0.534419,-0.261325,0.0299197,92,0.418574,-0.261554,0.0298613,93,0.482448,-0.254121,0.0295872,94,0.459493,-0.300575,0.0389683,95,0.450415,-0.358518,0.0301709,96,0.526068,-0.248362,0.0296133,97,0.523568,-0.270832,0.0314041,98,0.51283,-0.304244,0.0311624,99,0.417325,-0.277165,0.0372641,
generation,42,0,0.470407,-0.248249,0.0344798,1,0.492551,-0.377631,0.0316269,2,0.449379,-0.265779,0.0305435,3,0.457802,-0.369742,0.0316585,4,0.482386,-0.287199,0.0306379,5,0.469248,-0.260133,0.0298667,6,0.468273,-0.256244,0.0287604,7,0.506058,-0.244172,0.0506051,8,0.586509,-0.268406,0.0291815,9,0.42533,-0.265497,0.0297455,10,0.427027,-0.244355,0.0294661,11,0.478283,-0.361291,0.0303123,12,0.446843,-0.276254,0.0305542,13,0.445399,-0.259006,0.0297821,14,0.518417,-0.241582,0.029102,15,0.512606,-0.390144,0.0317276,16,0.460591,-0.246902,0.0307129,17,0.414454,-0.393055,0.0394528,18,0.384223,-0.298724,0.0386181,19,0.597203,-0.291906,0.035046,20,0.502908,-0.272098,0.0302921,21,0.524712,-0.240044,0.0297438,22,0.43986,-0.250182,0.0295529,23,0.404906,-0.269389,0.0317281,24,0.539846,-0.29705,0.0356143,25,0.585948,-0.252717,0.0359942,26,0.584954,-0.291816,0.0292187,27,0.457426,-0.330021,0.0365589,28,0.476695,-0.248227,0.029274,29,0.52028,-0.247252,0.0289371,30,0.459576,-0.256338,0.0287275,31,0.471936,-0.247194,0.0303027,32,0.529803,-0.272122,0.0353304,33,0.531806,-0.312232,0.0296541,34,0.396005,-0.271803,0.0308063,35,0.535189,-0.259105,0.0365659,36,0.502524,-0.271667,0.0401285,37,0.428078,-0.354326,0.0297259,38,0.486627,-0.317382,0.0294352,39,0.489592,-0.244404,0.0302134,40,0.499608,-0.272489,0.0291923,41,0.56037,-0.253414,0.0375412,42,0.416176,-0.278155,0.0325158,43,0.532666,-0.249022,0.0291042,44,0.402515,-0.273173,0.0376795,45,0.462101,-0.320831,0.0306023,46,0.542017,-0.261059,0.0356571,47,0.544295,-0.266591,0.0294084,48,0.457721,-0.268719,0.0308168,49,0.478291,-0.25262,0.0295157,50,0.517923,-0.272705,0.028981,51,0.50482,-0.288642,0.0298289,52,0.491875,-0.300678,0.0377203,53,0.50349,-0.25123,0.0292674,54,0.544548,-0.255558,0.0299184,55,0.470402,-0.277454,0.030146,56,0.529534,-0.256616,0.0296444,57,0.511069,-0.264305,0.0299814,58,0.536032,-0.252743,0.0330682,59,0.532054,-0.264044,0.0335206,60,0.459001,-0.260368,0.0297259,61,0.478842,-0.306571,0.0310873,62,0.454597,-0.246836,0.030476,63,0.497759,-0.244991,0.0420581,64,0.467181,-0.276063,0.0351353,65,0.453056,-0.362568,0.0290104,66,0.52784,-0.258182,0.0320399,67,0.61854,-0.262075,0.0293078,68,0.472893,-0.252664,0.0303614,69,0.506842,-0.274629,0.0367894,70,0.470469,-0.247087,0.0307348,71,0.571339,-0.243469,0.0292057,72,0.436322,-0.270714,0.0290123,73,0.496875,-0.273203,0.030431,74,0.455572,-0.273939,0.0295217,75,0.485545,-0.281279,0.0350078,76,0.494169,-0.37664,0.0370049,77,0.504821,-0.260395,0.0423484,78,0.476472,-0.249242,0.0290642,79,0.4119,-0.328486,0.0297313,80,0.469834,-0.306776,0.0296454,81,0.485368,-0.252368,0.0294905,82,0.458515,-0.314205,0.0316417,83,0.538673,-0.261338,0.0361868,84,0.512854,-0.302284,0.0346484,85,0.511007,-0.367409,0.0316691,86,0.454137,-0.325151,0.0317435,87,0.512493,-0.326186,0.0363976,88,0.491357,-0.298275,0.0354576,89,0.530625,-0.27103,0.0306137,90,0.552603,-0.267457,0.0300467,91,0.457335,-0.247496,0.0355675,92,0.450944,-0.255854,0.0310581,93,0.476364,-0.268236,0.0296283,94,0.458929,-0.269313,0.0408081,95,0.466719,-0.270942,0.0313811,96,0.546633,-0.244662,0.0367711,97,0.521135,-0.262999,0.0296759,98,0.458489,-0.360224,0.0308599,99,0.466251,-0.345291,0.0293729,
generation,43,0,0.487164,-0.293374,0.031479,1,0.536521,-0.256387,0.0308238,2,0.488281,-0.240862,0.0289032,3,0.527846,-0.245706,0.035166,4,0.5598,-0.243478,0.0343602,5,0.537475,-0.243512,0.0308648,6,0.499074,-0.346961,0.0311627,7,0.60522,-0.366775,0.0352067,8,0.467729,-0.25978,0.0304631,9,0.529221,-0.243983,0.0352493,10,0.419413,-0.250824,0.0291914,11,0.517029,-0.244368,0.0296605,12,0.505725,-0.282573,0.0292459,13,0.491419,-0.346895,0.0306402,14,0.510959,-0.268933,0.0417432,15,0.463471,-0.244955,0.0288224,16,0.496139,-0.374134,0.030719,17,0.505435,-0.289402,0.030888,18,0.553392,-0.246346,0.0308313,19,0.439718,-0.321429,0.0300959,20,0.479568,-0.282956,0.0425495,21,0.460216,-0.371685,0.032728,22,0.460562,-0.25164,0.0295903,23,0.535006,-0.291136,0.0289753,24,0.445826,-0.387629,0.0305328,25,0.458793,-0.263876,0.0335624,26,0.713621,-0.289878,0.0406873,27,0.513488,-0.258651,0.0295236,28,0.522014,-0.25047,0.0326699,29,0.42917,-0.309758,0.0299525,30,0.411571,-0.268545,0.0293407,31,0.484769,-0.250527,0.0308468,32,0.474764,-0.267119,0.0295441,33,0.467849,-0.273956,0.0305811,34,0.459186,-0.24461,0.0287986,35,0.408507,-0.244203,0.0421502,36,0.464786,-0.297234,0.0333776,37,0.528691,-0.290422,0.0354667,38,0.501809,-0.260142,0.0299744,39,0.502042,-0.260957,0.0292028,40,0.396864,-0.268254,0.0307145,41,0.433087,-0.25742,0.0295114,42,0.493149,-0.380071,0.0306473,43,0.460097,-0.334889,0.0327735,44,0.530959,-0.272895,0.0302369,45,0.505599,-0.2436,0.0290642,46,0.568766,-0.284036,0.0345185,47,0.437913,-0.244381,0.0299705,48,0.462743,-0.285761,0.029576,49,0.430462,-0.248016,0.029319,50,0.45072,-0.281885,0.0303751,51,0.498273,-0.26402,0.0338535,52,0.556262,-0.257296,0.0331786,53,0.475843,-0.246893,0.0285914,54,0.527228,-0.254036,0.0327616,55,0.439395,-0.260076,0.0292597,56,0.5646,-0.256055,0.0327207,57,0.504781,-0.274116,0.0334307,58,0.449295,-0.253781,0.0355159,59,0.430668,-0.289568,0.0297497,60,0.599278,-0.252691,0.0386559,61,0.506905,-0.315641,0.0349972,62,0.507954,-0.262817,0.0300008,63,0.431901,-0.271788,0.0303822,64,0.482835,-0.309752,0.028898,65,0.537201,-0.301126,0.0364565,66,0.452307,-0.2771,0.0301192,67,0.486984,-0.247498,0.0302073,68,0.449415,-0.325219,0.0310855,69,0.498342,-0.281258,0.0290475,70,0.49478,-0.297067,0.0306748,71,0.48351,-0.289948,0.0309333,72,0.488484,-0.240991,0.0287374,73,0.474986,-0.296012,0.0429852,74,0.502086,-0.261144,0.0410722,75,0.604051,-0.303304,0.0424605,76,0.443455,-0.253231,0.029214,77,0.547641,-0.280592,0.0316724,78,0.441049,-0.259353,0.0304458,79,0.513783,-0.250778,0.0306945,80,0.476715,-0.25866,0.0303032,81,0.510655,-0.323582,0.0319228,82,0.412034,-0.267734,0.0287339,83,0.481176,-0.242141,0.0288243,84,0.519188,-0.273488,0.0423552,85,0.43371,-0.268287,0.0289779,86,0.475813,-0.254735,0.032856,87,0.505523,-0.341855,0.0308689,88,0.484588,-0.266053,0.0291806,89,0.51357,-0.246256,0.0292734,90,0.517225,-0.240148,0.0295272,91,0.567202,-0.265131,0.0368422,92,0.497525,-0.267009,0.0290212,93,0.51041,-0.280606,0.0310475,94,0.534612,-0.337675,0.0336688,95,0.50899,-0.262517,0.0320804,96,0.536223,-0.261262,0.0369935,97,0.455832,-0.317632,0.0298488,98,0.542433,-0.257237,0.0350401,99,0.519684,-0.347372,0.0349256,
generation,44,0,0.532045,-0.245724,0.0340464,1,0.5037,-0.3716,0.0312396,2,0.541568,-0.260743,0.0300144,3,0.511633,-0.263141,0.0328135,4,0.486575,-0.305342,0.0310126,5,0.529772,-0.246844,0.0467489,6,0.498941,-0.363413,0.0302039,7,0.513245,-0.244859,0.0307642,8,0.545409,-0.258897,0.0312616,9,0.483743,-0.297898,0.0367018,10,0.466274,-0.294334,0.0316457,11,0.555116,-0.244692,0.0304072,12,0.51077,-0.296928,0.0337337,13,0.503056,-0.240866,0.0289932,14,0.540125,-0.310063,0.0293104,15,0.475017,-0.354771,0.0325383,16,0.498535,-0.257265,0.0291031,17,0.485272,-0.258982,0.0303281,18,0.448965,-0.371727,0.0357702,19,0.529809,-0.259552,0.0298723,20,0.451791,-0.252406,0.0305577,21,0.493022,-0.382335,0.0311547,22,0.492971,-0.264057,0.0299176,23,0.430324,-0.297309,0.0291532,24,0.480155,-0.315606,0.0306441,25,0.544892,-0.255356,0.0293307,26,0.489542,-0.291189,0.0336257,27,0.43804,-0.267041,0.0298937,28,0.455042,-0.286736,0.0299069,29,0.520508,-0.298809,0.0305924,30,0.488978,-0.252793,0.0300963,31,0.506081,-0.2574,0.030745,32,0.451708,-0.262771,0.0317636,33,0.519618,-0.324279,0.03262,34,0.47134,-0.279115,0.0396525,35,0.526839,-0.246813,0.0291851,36,0.497598,-0.278632,0.0370753,37,0.493488,-0.36971,0.031554,38,0.489362,-0.256696,0.0374006,39,0.469469,-0.279458,0.0300092,40,0.460642,-0.358461,0.0356701,41,0.459153,-0.269082,0.0287304,42,0.536063,-0.292809,0.0296183,43,0.50194,-0.246322,0.0291659,44,0.465738,-0.246382,0.0314875,45,0.495383,-0.300126,0.0292995,46,0.468156,-0.26175,0.0302896,47,0.473147,-0.386467,0.0312945,48,0.483786,-0.366272,0.0376816,49,0.468271,-0.374499,0.0302701,50,0.485186,-0.301329,0.0291921,51,0.533977,-0.258006,0.0354544,52,0.475035,-0.249743,0.029045,53,0.601393,-0.255869,0.0396657,54,0.50998,-0.351618,0.0306853,55,0.521143,-0.351279,0.036752,56,0.436945,-0.243727,0.0295765,57,0.519173,-0.291571,0.0341471,58,0.452776,-0.329827,0.0352965,59,0.461062,-0.260972,0.0312521,60,0.503054,-0.25274,0.0303161,61,0.445032,-0.269573,0.0302656,62,0.54756,-0.32291,0.0300724,63,0.41251,-0.27228,0.0300137,64,0.527535,-0.242784,0.0299115,65,0.556215,-0.244,0.0290065,66,0.536229,-0.260243,0.0428897,67,0.475946,-0.294411,0.0342829,68,0.456263,-0.254932,0.0288981,69,0.515384,-0.255914,0.0290467,70,0.495205,-0.282676,0.0309599,71,0.499241,-0.289279,0.0438204,72,0.510764,-0.261894,0.0293067,73,0.487593,-0.25207,0.0297156,74,0.473414,-0.295541,0.0334293,75,0.487139,-0.329812,0.0311437,76,0.589693,-0.358395,0.0288965,77,0.505853,-0.254011,0.0303282,78,0.525991,-0.307888,0.0311153,79,0.570186,-0.350001,0.0302809,80,0.396851,-0.301438,0.0304812,81,0.440306,-0.375794,0.0291279,82,0.449909,-0.249208,0.0293501,83,0.498122,-0.247559,0.0291485,84,0.411462,-0.290238,0.0291228,85,0.484768,-0.291235,0.0308796,86,0.470987,-0.245649,0.0307118,87,0.554455,-0.339649,0.0306387,88,0.51581,-0.317254,0.0310698,89,0.474342,-0.308504,0.0308075,90,0.527443,-0.382228,0.0340638,91,0.492881,-0.31295,0.0306598,92,0.523836,-0.248492,0.0298041,93,0.470919,-0.250598,0.0325531,94,0.517973,-0.283617,0.0437459,95,0.50942,-0.24185,0.028957,96,0.444988,-0.287762,0.0324246,97,0.496314,-0.246357,0.0290788,98,0.484015,-0.242423,0.0299734,99,0.427142,-0.245949,0.0312713,
generation,45,0,0.466298,-0.348599,0.0309608,1,0.497179,-0.312519,0.0319397,2,0.506274,-0.252383,0.0307165,3,0.475547,-0.27243,0.0301812,4,0.504439,-0.244085,0.0294562,5,0.513724,-0.273278,0.0327478,6,0.44005,-0.246431,0.0298646,7,0.508288,-0.292195,0.0311321,8,0.4854,-0.240757,0.0312405,9,0.441089,-0.259526,0.033658,10,0.464832,-0.275911,0.0302038,11,0.540483,-0.248695,0.0381694,12,0.485404,-0.246025,0.0317562,13,0.50074,-0.256108,0.0291178,14,0.513172,-0.261297,0.0291291,15,0.559051,-0.310557,0.0337575,16,0.409409,-0.246818,0.0293941,17,0.505447,-0.340816,0.030505,18,0.595674,-0.249057,0.0359683,19,0.501153,-0.311609,0.0298825,20,0.511509,-0.290912,0.0304966,21,0.393453,-0.269654,0.032445,22,0.493131,-0.338624,0.0388781,23,0.588701,-0.255628,0.0436967,24,0.503472,-0.264604,0.0326272,25,0.502315,-0.244409,0.0289357,26,0.489555,-0.286782,0.0320358,27,0.532987,-0.264972,0.0301209,28,0.481487,-0.243529,0.0295067,29,0.441903,-0.253499,0.037311,30,0.423392,-0.271808,0.0311632,31,0.459737,-0.29889,0.0416222,32,0.481377,-0.277651,0.0289634,33,0.463417,-0.246151,0.0319995,34,0.501379,-0.252288,0.0287903,35,0.496012,-0.251732,0.0290031,36,0.38448,-0.255489,0.0308526,37,0.508931,-0.28494,0.0321733,38,0.473468,-0.26026,0.0308306,39,0.519331,-0.305875,0.0294444,40,0.40938,-0.367136,0.0311293,41,0.508655,-0.342856,0.0315276,42,0.569159,-0.386629,0.0298646,43,0.602213,-0.25875,0.0320462,44,0.496322,-0.29535,0.0303624,45,0.444945,-0.316138,0.029224,46,0.482375,-0.246324,0.0332748,47,0.451179,-0.254063,0.0295758,48,0.524495,-0.343917,0.0354725,49,0.49255,-0.254148,0.0292082,50,0.466162,-0.334157,0.0298354,51,0.523028,-0.242336,0.0291741,52,0.452151,-0.305802,0.0384264,53,0.51555,-0.247343,0.0291435,54,0.499804,-0.242968,0.0290258,55,0.452521,-0.240509,0.0304399,56,0.494972,-0.286852,0.0330381,57,0.515393,-0.257819,0.039484,58,0.495337,-0.33886,0.0303832,59,0.520039,-0.240398,0.0288596,60,0.509559,-0.365206,0.0307339,61,0.557543,-0.310462,0.0417912,62,0.472783,-0.247302,0.035011,63,0.476615,-0.278701,0.03102,64,0.498987,-0.276199,0.0368721,65,0.465408,-0.258971,0.0288548,66,0.537441,-0.245685,0.0312206,67,0.440401,-0.241325,0.0309953,68,0.476399,-0.332709,0.0317849,69,0.444652,-0.253215,0.03109,70,0.500753,-0.253421,0.0327783,71,0.498421,-0.330106,0.0355304,72,0.498504,-0.358056,0.0306406,73,0.4645,-0.262283,0.0320221,74,0.533325,-0.263298,0.0301986,75,0.435223,-0.276673,0.0317129,76,0.458541,-0.316656,0.0311175,77,0.529112,-0.29034,0.0375627,78,0.441019,-0.259437,0.0305093,79,0.446342,-0.253761,0.0291044,80,0.524621,-0.379261,0.0308145,81,0.447225,-0.269934,0.0309584,82,0.541378,-0.256213,0.0388261,83,0.475093,-0.246348,0.0311956,84,0.458978,-0.267722,0.0376909,85,0.496155,-0.264682,0.0299968,86,0.629857,-0.296994,0.0296531,87,0.446638,-0.245948,0.0300941,88,0.486243,-0.250084,0.0288338,89,0.453853,-0.2711,0.0288411,90,0.508629,-0.245193,0.0475531,91,0.562699,-0.272392,0.0353079,92,0.644137,-0.28713,0.0370278,93,0.421516,-0.239995,0.0302899,94,0.506337,-0.254416,0.036944,95,0.510159,-0.246312,0.0296148,96,0.575526,-0.298168,0.0307557,97,0.437711,-0.265291,0.0299211,98,0.494308,-0.243827,0.0290755,99,0.543733,-0.278194,0.0302115,
generation,46,0,0.446656,-0.300391,0.029728,1,0.493042,-0.359856,0.0303452,2,0.45729,-0.297897,0.0295434,3,0.467903,-0.246306,0.0288777,4,0.607254,-0.280605,0.0322924,5,0.516589,-0.267073,0.0293474,6,0.559354,-0.255274,0.0321821,7,0.459051,-0.263718,0.0309531,8,0.602152,-0.249161,0.0305672,9,0.451959,-0.308353,0.0292289,10,0.421963,-0.351896,0.029914,11,0.486937,-0.30076,0.030928,12,0.498424,-0.324839,0.0363305,13,0.437952,-0.24195,0.0304745,14,0.551527,-0.263354,0.0303823,15,0.391099,-0.260415,0.029169,16,0.465738,-0.251337,0.0303192,17,0.500654,-0.247997,0.0290192,18,0.464034,-0.265569,0.030423,19,0.470142,-0.249888,0.0287796,20,0.489716,-0.252023,0.028976,21,0.588091,-0.27531,0.039137,22,0.465839,-0.248085,0.0290956,23,0.473761,-0.373878,0.0304983,24,0.500421,-0.356382,0.0312001,25,0.474671,-0.267722,0.0335117,26,0.482294,-0.321802,0.0309533,27,0.398856,-0.285887,0.0300564,28,0.482218,-0.297368,0.0304875,29,0.441317,-0.348867,0.0385036,30,0.478123,-0.351678,0.0297217,31,0.522901,-0.243009,0.0295613,32,0.504476,-0.252842,0.0296654,33,0.486357,-0.258409,0.0293373,34,0.453978,-0.27464,0.0298135,35,0.436462,-0.245295,0.0382428,36,0.419991,-0.332976,0.0289059,37,0.475231,-0.239295,0.028851,38,0.443534,-0.256,0.0312622,39,0.506139,-0.257879,0.0322283,40,0.504622,-0.254874,0.0291681,41,0.543529,-0.386632,0.0326718,42,0.494164,-0.301764,0.0429871,43,0.487351,-0.268054,0.0290735,44,0.428634,-0.249886,0.0296993,45,0.485127,-0.245528,0.0290631,46,0.522837,-0.260629,0.0299989,47,0.480198,-0.282589,0.0301749,48,0.610921,-0.251322,0.0326361,49,0.519077,-0.240317,0.029083,50,0.495746,-0.272068,0.0426403,51,0.524315,-0.322462,0.0316807,52,0.461637,-0.246783,0.0290842,53,0.451873,-0.33317,0.0303919,54,0.547196,-0.276296,0.0310273,55,0.456184,-0.25417,0.0298365,56,0.533485,-0.247464,0.0291189,57,0.487484,-0.349574,0.0315881,58,0.552391,-0.360624,0.0362603,59,0.548237,-0.240732,0.0328843,60,0.487896,-0.292707,0.0290048,61,0.491066,-0.287368,0.0301307,62,0.461262,-0.28067,0.0306492,63,0.46822,-0.249898,0.030583,64,0.428365,-0.268204,0.0440652,65,0.480305,-0.358097,0.033653,66,0.503069,-0.255902,0.02935,67,0.44523,-0.304447,0.0301257,68,0.46496,-0.248836,0.0286079,69,0.432979,-0.243492,0.0307717,70,0.508115,-0.310828,0.0301567,71,0.522298,-0.245351,0.0291761,72,0.432994,-0.257769,0.0333221,73,0.520286,-0.304729,0.0452779,74,0.52906,-0.279137,0.0360439,75,0.458665,-0.361674,0.0302305,76,0.510527,-0.260267,0.0347419,77,0.513647,-0.308115,0.0324935,78,0.467484,-0.263046,0.0296326,79,0.515742,-0.250405,0.0329429,80,0.429314,-0.242332,0.037941,81,0.464899,-0.378728,0.0382071,82,0.551825,-0.250565,0.032251,83,0.617633,-0.275571,0.0323139,84,0.483998,-0.329795,0.0299014,85,0.489695,-0.254109,0.0330122,86,0.443426,-0.259102,0.0315859,87,0.529911,-0.344487,0.0305615,88,0.511506,-0.249403,0.0295851,89,0.549131,-0.239993,0.0306888,90,0.486007,-0.352402,0.0302671,91,0.504777,-0.344813,0.0306807,92,0.490723,-0.33856,0.0290212,93,0.541546,-0.276146,0.0303979,94,0.433568,-0.251985,0.0298289,95,0.446377,-0.251687,0.0311355,96,0.468087,-0.25146,0.0293448,97,0.518928,-0.260753,0.0474961,98,0.476165,-0.242097,0.0309301,99,0.436642,-0.242281,0.0314867,
generation,47,0,0.516304,-0.244865,0.0287977,1,0.494607,-0.257429,0.0304386,2,0.513616,-0.365271,0.0291995,3,0.479244,-0.310996,0.0307448,4,0.485352,-0.301493,0.029847,5,0.547813,-0.253261,0.0306348,6,0.374947,-0.264265,0.0327029,7,0.498567,-0.274899,0.0316523,8,0.519593,-0.249488,0.0291576,9,0.549534,-0.252813,0.0296376,10,0.511739,-0.288798,0.0293255,11,0.459406,-0.359109,0.0298471,12,0.486402,-0.257186,0.0313197,13,0.354076,-0.283463,0.0309095,14,0.464346,-0.257662,0.0300189,15,0.42124,-0.271714,0.0300365,16,0.724578,-0.293971,0.0308976,17,0.520994,-0.290003,0.0391372,18,0.509469,-0.265815,0.0465119,19,0.418125,-0.311232,0.0297408,20,0.571008,-0.309265,0.0342523,21,0.405947,-0.249307,0.0294943,22,0.459564,-0.289926,0.0312027,23,0.42986,-0.248901,0.0289811,24,0.470042,-0.276407,0.0298442,25,0.493873,-0.353116,0.0323443,26,0.405781,-0.278006,0.0306953,27,0.454036,-0.245517,0.0305485,28,0.516325,-0.266567,0.0303899,29,0.522204,-0.244487,0.02906,30,0.524772,-0.275478,0.030871,31,0.478052,-0.316142,0.0299191,32,0.453793,-0.282676,0.0320946,33,0.433228,-0.262883,0.0312274,34,0.530929,-0.252299,0.0312434,35,0.451849,-0.349199,0.0348178,36,0.470789,-0.328292,0.0290791,37,0.475668,-0.260971,0.0301059,38,0.429181,-0.251463,0.0299725,39,0.5813,-0.262946,0.0297358,40,0.435553,-0.259452,0.0305161,41,0.455757,-0.277084,0.0297553,42,0.424218,-0.267311,0.0292502,43,0.511026,-0.289311,0.0312162,44,0.462365,-0.33649,0.0291337,45,0.515423,-0.314256,0.0452089,46,0.466031,-0.2973,0.0304082,47,0.475956,-0.293333,0.0417734,48,0.482248,-0.308324,0.0295116,49,0.474327,-0.249354,0.029572,50,0.450377,-0.331799,0.0305988,51,0.482927,-0.264607,0.0286525,52,0.496848,-0.318184,0.0322633,53,0.504838,-0.262802,0.036913,54,0.485291,-0.287257,0.0436679,55,0.541869,-0.246791,0.0316669,56,0.589026,-0.264341,0.0450991,57,0.443333,-0.307337,0.0306508,58,0.466681,-0.254983,0.0294802,59,0.460881,-0.2583,0.0296539,60,0.565546,-0.252347,0.0311384,61,0.470116,-0.288793,0.0292946,62,0.49844,-0.379385,0.0307546,63,0.519602,-0.296024,0.0329667,64,0.456446,-0.300354,0.0310296,65,0.46839,-0.262283,0.0289547,66,0.526329,-0.283184,0.0332043,67,0.515875,-0.266945,0.0414881,68,0.437602,-0.276819,0.0298026,69,0.446982,-0.311746,0.030129,70,0.472239,-0.355927,0.0296988,71,0.436741,-0.274038,0.0310769,72,0.475765,-0.308879,0.0306647,73,0.483187,-0.254328,0.029324,74,0.502681,-0.305555,0.0298778,75,0.527977,-0.271556,0.0298261,76,0.470392,-0.247957,0.0287404,77,0.499063,-0.266014,0.0301742,78,0.459353,-0.269241,0.0299339,79,0.487183,-0.279356,0.0293113,80,0.458105,-0.269958,0.0289807,81,0.538603,-0.306566,0.0292636,82,0.495894,-0.245963,0.0287325,83,0.491463,-0.383317,0.0297485,84,0.503739,-0.245472,0.0340612,85,0.446944,-0.268489,0.0301583,86,0.492115,-0.249109,0.0307136,87,0.461062,-0.347976,0.0423383,88,0.468695,-0.250183,0.0300176,89,0.516413,-0.336624,0.039956,90,0.448589,-0.342927,0.0296412,91,0.498493,-0.252483,0.0303564,92,0.539959,-0.331606,0.0346794,93,0.510651,-0.24448,0.0293967,94,0.482264,-0.300929,0.0302595,95,0.55315,-0.263437,0.0422697,96,0.590535,-0.326281,0.0298823,97,0.447886,-0.255742,0.0305568,98,0.558948,-0.246694,0.0324709,99,0.502197,-0.281132,0.0296542,
generation,48,0,0.44397,-0.35234,0.0310861,1,0.434617,-0.238655,0.0301514,2,0.524339,-0.241365,0.0341459,3,0.522571,-0.295053,0.0330843,4,0.486519,-0.308782,0.0293514,5,0.510636,-0.31657,0.0410062,6,0.44272,-0.266029,0.0295128,7,0.450922,-0.24388,0.0312743,8,0.524818,-0.24205,0.0297134,9,0.42448,-0.261236,0.0375712,10,0.529598,-0.242536,0.0390202,11,0.503133,-0.249198,0.0297302,12,0.476055,-0.250739,0.0289142,13,0.57778,-0.25675,0.031642,14,0.464446,-0.315481,0.0305585,15,0.513967,-0.248241,0.029827,16,0.501891,-0.281273,0.0314336,17,0.503744,-0.267194,0.0296705,18,0.50535,-0.352316,0.0316211,19,0.485918,-0.294284,0.0299627,20,0.455994,-0.256071,0.0296503,21,0.480255,-0.281835,0.030214,22,0.461834,-0.263129,0.0348186,23,0.513093,-0.246754,0.0297459,24,0.49164,-0.269335,0.0378859,25,0.460773,-0.251725,0.0289301,26,0.445622,-0.356541,0.0299841,27,0.39179,-0.312137,0.0308221,28,0.451192,-0.254274,0.0304602,29,0.503333,-0.326651,0.0309812,30,0.480281,-0.291804,0.0306956,31,0.577896,-0.27762,0.03476,32,0.460301,-0.26015,0.0303358,33,0.454249,-0.255962,0.0340666,34,0.527665,-0.248388,0.0287715,35,0.480392,-0.258835,0.030384,36,0.511656,-0.282075,0.0335613,37,0.471743,-0.275551,0.0291849,38,0.451835,-0.339745,0.0296622,39,0.561586,-0.315383,0.0302033,40,0.528979,-0.274998,0.0301718,41,0.494536,-0.376365,0.0303999,42,0.522904,-0.2547,0.0333045,43,0.44203,-0.323965,0.0454332,44,0.505289,-0.25863,0.0330913,45,0.439418,-0.269867,0.0300452,46,0.444692,-0.267032,0.0294708,47,0.501583,-0.314006,0.0289181,48,0.476538,-0.303623,0.0347608,49,0.469224,-0.254623,0.0304509,50,0.590701,-0.305223,0.0350703,51,0.504066,-0.290333,0.0345085,52,0.529333,-0.385863,0.0314805,53,0.493803,-0.269582,0.0328729,54,0.549988,-0.325636,0.0321264,55,0.531153,-0.382872,0.0339261,56,0.492542,-0.24932,0.0292097,57,0.502048,-0.360762,0.032086,58,0.533101,-0.244594,0.0303915,59,0.455107,-0.264366,0.0324117,60,0.450638,-0.341608,0.0301638,61,0.444922,-0.250251,0.0289407,62,0.475497,-0.277075,0.032155,63,0.534602,-0.244098,0.0294301,64,0.445127,-0.273001,0.0290657,65,0.490506,-0.258208,0.0291833,66,0.46921,-0.241569,0.0302803,67,0.550584,-0.251951,0.0309207,68,0.638964,-0.238867,0.0317794,69,0.528424,-0.289406,0.0316777,70,0.428731,-0.267369,0.0306217,71,0.49519,-0.335089,0.0411456,72,0.480907,-0.358563,0.034046,73,0.465865,-0.25888,0.0303019,74,0.567281,-0.316843,0.0393422,75,0.510399,-0.284493,0.0309383,76,0.511772,-0.257938,0.030055,77,0.437686,-0.265056,0.0300985,78,0.504376,-0.343045,0.0307284,79,0.475812,-0.276345,0.0308942,80,0.501967,-0.273435,0.0292443,81,0.553529,-0.243186,0.02983,82,0.503068,-0.359555,0.0330011,83,0.51776,-0.2604,0.029807,84,0.497103,-0.269284,0.0371114,85,0.515055,-0.245248,0.0294147,86,0.418243,-0.26167,0.0431393,87,0.559486,-0.250037,0.0304843,88,0.516357,-0.314422,0.0358553,89,0.456188,-0.286396,0.0326459,90,0.482527,-0.258508,0.0290544,91,0.477886,-0.318374,0.0298166,92,0.542111,-0.287293,0.044842,93,0.489548,-0.252112,0.0290866,94,0.500362,-0.330681,0.0314051,95,0.422177,-0.308637,0.0296632,96,0.456355,-0.250141,0.042351,97,0.471618,-0.297835,0.0358005,98,0.509359,-0.241318,0.0294321,99,0.489559,-0.314761,0.0295025,
generation,49,0,0.536488,-0.256872,0.0329209,1,0.474051,-0.240727,0.0301342,2,0.560838,-0.244887,0.0320885,3,0.487007,-0.269354,0.0361993,4,0.459027,-0.246528,0.0301977,5,0.39746,-0.285353,0.0353994,6,0.518186,-0.240648,0.0290288,7,0.564912,-0.24625,0.034108,8,0.554862,-0.255681,0.0353213,9,0.540621,-0.25771,0.030167,10,0.560534,-0.331847,0.0313577,11,0.48246,-0.388007,0.028827,12,0.521411,-0.252076,0.0298158,13,0.428265,-0.246018,0.0305813,14,0.495678,-0.242572,0.029725,15,0.491216,-0.256363,0.0291272,16,0.454261,-0.30573,0.0324262,17,0.459893,-0.242918,0.034535,18,0.42191,-0.292493,0.0307465,19,0.445363,-0.246163,0.031438,20,0.536244,-0.23896,0.0342741,21,0.475286,-0.275037,0.0335556,22,0.473447,-0.322319,0.036019,23,0.540429,-0.277818,0.0359649,24,0.50915,-0.308052,0.0307113,25,0.404594,-0.37081,0.0291498,26,0.498842,-0.270679,0.0292365,27,0.45291,-0.322291,0.0299681,28,0.565026,-0.310618,0.0326079,29,0.453358,-0.2479,0.031022,30,0.445845,-0.301114,0.0293022,31,0.65421,-0.266731,0.0444139,32,0.537106,-0.253142,0.0292774,33,0.600359,-0.272757,0.0314358,34,0.481014,-0.265187,0.0334445,35,0.542035,-0.310902,0.0353896,36,0.544539,-0.24757,0.0446496,37,0.444159,-0.329143,0.0299325,38,0.421161,-0.250901,0.0301644,39,0.499156,-0.271115,0.032271,40,0.468288,-0.259859,0.0287,41,0.52854,-0.252026,0.0337035,42,0.475033,-0.291299,0.0297887,43,0.406366,-0.301199,0.0301216,44,0.512717,-0.255121,0.0349269,45,0.469722,-0.242686,0.0288382,46,0.447263,-0.262695,0.0308609,47,0.501382,-0.260294,0.0310999,48,0.517065,-0.249797,0.0290604,49,0.482364,-0.283741,0.0340093,50,0.584102,-0.301575,0.0296805,51,0.4539,-0.261081,0.0306448,52,0.486582,-0.267956,0.0297441,53,0.553102,-0.318674,0.0301213,54,0.542684,-0.307144,0.0305104,55,0.53614,-0.281899,0.035053,56,0.513679,-0.308401,0.0289259,57,0.438508,-0.246385,0.0292183,58,0.480986,-0.298072,0.0291996,59,0.534004,-0.288564,0.0290852,60,0.502924,-0.259941,0.0298743,61,0.487297,-0.254299,0.0457003,62,0.468413,-0.302794,0.0297056,63,0.495408,-0.348157,0.0299113,64,0.481716,-0.351481,0.0309949,65,0.550194,-0.327949,0.0335447,66,0.531687,-0.264049,0.0324894,67,0.502162,-0.285141,0.0325995,68,0.569454,-0.370879,0.0306471,69,0.591459,-0.297616,0.0319355,70,0.407647,-0.244691,0.0308957,71,0.484514,-0.283058,0.0311157,72,0.474444,-0.249485,0.0323136,73,0.468403,-0.256801,0.0287644,74,0.486507,-0.276621,0.0343087,75,0.46957,-0.255411,0.0307272,76,0.423452,-0.279132,0.0288058,77,0.516208,-0.26149,0.0306325,78,0.502179,-0.345648,0.0362366,79,0.411319,-0.285719,0.0318563,80,0.443393,-0.282207,0.0296888,81,0.408269,-0.296259,0.0329423,82,0.505526,-0.245874,0.0321681,83,0.475233,-0.247022,0.0287882,84,0.455474,-0.250891,0.0312318,85,0.477468,-0.348729,0.0309695,86,0.501651,-0.270641,0.0327078,87,0.454221,-0.25888,0.0286675,88,0.543949,-0.24415,0.0507753,89,0.497694,-0.284548,0.0341219,90,0.461457,-0.269336,0.0306765,91,0.56218,-0.315286,0.0301157,92,0.539221,-0.2567,0.030847,93,0.528718,-0.254836,0.0329352,94,0.459008,-0.28216,0.0302146,95,0.512273,-0.285654,0.0393821,96,0.436208,-0.241471,0.0294225,97,0.505614,-0.263617,0.0293361,98,0.521352,-0.257435,0.0300104,99,0.465547,-0.255436,0.0310833,
generation,50,0,0.524421,-0.291083,0.0296171,1,0.477084,-0.294195,0.0408273,2,0.439767,-0.283699,0.0312358,3,0.544518,-0.251216,0.0306954,4,0.453231,-0.246153,0.0290971,5,0.502738,-0.323594,0.0309026,6,0.5006,-0.252825,0.0307311,7,0.46109,-0.262928,0.0286334,8,0.5343,-0.276181,0.0303401,9,0.508283,-0.239611,0.0297629,10,0.546456,-0.327103,0.0332226,11,0.510155,-0.239432,0.0297643,12,0.521864,-0.257834,0.0294085,13,0.544404,-0.310034,0.0428598,14,0.467918,-0.249429,0.0295746,15,0.557667,-0.301897,0.0388958,16,0.461947,-0.273364,0.0338549,17,0.444651,-0.267449,0.0297712,18,0.525359,-0.343067,0.0341601,19,0.480732,-0.266297,0.0307795,20,0.426772,-0.374237,0.034946,21,0.485765,-0.27438,0.0317701,22,0.507789,-0.36043,0.0398788,23,0.544276,-0.283165,0.0368067,24,0.487626,-0.248408,0.0304094,25,0.533774,-0.245058,0.0416939,26,0.485803,-0.266387,0.0304726,27,0.453125,-0.241494,0.0301814,28,0.492402,-0.310921,0.0333375,29,0.449247,-0.268641,0.0331075,30,0.519315,-0.265014,0.0459842,31,0.512092,-0.32282,0.0289576,32,0.502628,-0.270959,0.031128,33,0.484529,-0.334574,0.0299329,34,0.36222,-0.246072,0.0309766,35,0.436673,-0.277173,0.0290197,36,0.432677,-0.247139,0.030652,37,0.473728,-0.248458,0.0297691,38,0.400549,-0.307971,0.0298183,39,0.547934,-0.273754,0.0493351,40,0.373001,-0.281304,0.029326,41,0.458111,-0.24329,0.0306818,42,0.461188,-0.323491,0.0300559,43,0.376458,-0.336023,0.0292944,44,0.548294,-0.236991,0.0306614,45,0.5101,-0.255341,0.031561,46,0.49554,-0.28453,0.029426,47,0.48347,-0.275513,0.0382267,48,0.556063,-0.246773,0.0293844,49,0.532086,-0.248143,0.0304253,50,0.493019,-0.274293,0.0295767,51,0.500461,-0.296027,0.034298,52,0.46685,-0.255705,0.0310064,53,0.477503,-0.242244,0.0301581,54,0.497069,-0.353201,0.031508,55,0.521393,-0.329237,0.0307505,56,0.425105,-0.258478,0.0302213,57,0.46598,-0.297929,0.0362006,58,0.429641,-0.385271,0.0311278,59,0.492749,-0.258386,0.0310806,60,0.467425,-0.281054,0.0291744,61,0.523233,-0.292282,0.0300987,62,0.501701,-0.249898,0.0290186,63,0.495319,-0.258469,0.0302613,64,0.433102,-0.247564,0.030179,65,0.452085,-0.252895,0.0313705,66,0.472225,-0.254871,0.0309492,67,0.499374,-0.261225,0.0293099,68,0.503423,-0.257505,0.0297239,69,0.492941,-0.248067,0.0293495,70,0.43252,-0.31328,0.0361762,71,0.473598,-0.251774,0.0321432,72,0.511391,-0.249545,0.0297571,73,0.533978,-0.247194,0.0307786,74,0.46557,-0.262852,0.0324909,75,0.470023,-0.246346,0.0287015,76,0.467712,-0.283966,0.0289495,77,0.522459,-0.254659,0.034265,78,0.426083,-0.295898,0.0400571,79,0.465531,-0.306821,0.0302246,80,0.512919,-0.25835,0.031385,81,0.5274,-0.256771,0.0297685,82,0.496423,-0.34498,0.029419,83,0.427366,-0.405497,0.0493624,84,0.466764,-0.307891,0.0295282,85,0.481933,-0.24608,0.0297638,86,0.428706,-0.242798,0.0300871,87,0.556315,-0.317445,0.0385689,88,0.422287,-0.248457,0.0307481,89,0.542609,-0.253157,0.0310468,90,0.489696,-0.259525,0.0288741,91,0.470436,-0.243463,0.030328,92,0.493449,-0.251674,0.0300041,93,0.516837,-0.34041,0.0479793,94,0.505036,-0.242432,0.0303096,95,0.530416,-0.311766,0.0289291,96,0.458097,-0.247884,0.0295461,97,0.399763,-0.25989,0.0311911,98,0.437172,-0.285671,0.0324387,99,0.503377,-0.261134,0.0301938,
generation,51,0,0.467074,-0.277749,0.0289024,1,0.484127,-0.250826,0.0287012,2,0.529498,-0.268098,0.0492956,3,0.506037,-0.244951,0.05097,4,0.460927,-0.251904,0.0288283,5,0.47218,-0.266547,0.0290959,6,0.479705,-0.252264,0.0300164,7,0.476665,-0.352338,0.0302223,8,0.421804,-0.26582,0.029073,9,0.484639,-0.270459,0.0290114,10,0.474437,-0.324117,0.0307298,11,0.508866,-0.265082,0.0318489,12,0.479111,-0.267586,0.0296664,13,0.485969,-0.245377,0.0292357,14,0.511431,-0.240761,0.0328828,15,0.458072,-0.267531,0.0288302,16,0.498838,-0.253378,0.0298751,17,0.516036,-0.297911,0.0350295,18,0.422437,-0.278133,0.0302687,19,0.501759,-0.241473,0.0294145,20,0.498705,-0.327871,0.0296011,21,0.464534,-0.246447,0.0298104,22,0.504037,-0.303965,0.0305923,23,0.501932,-0.281769,0.0294395,24,0.54051,-0.333401,0.0325707,25,0.546505,-0.257879,0.0339239,26,0.460932,-0.268845,0.0290849,27,0.455968,-0.254981,0.0287861,28,0.519415,-0.267439,0.0391198,29,0.505898,-0.282988,0.0384426,30,0.567568,-0.272549,0.0335021,31,0.502701,-0.245658,0.0289707,32,0.467834,-0.273717,0.0294115,33,0.518436,-0.263541,0.0364315,34,0.432969,-0.264856,0.029065,35,0.476631,-0.243082,0.028758,36,0.516041,-0.255214,0.0292576,37,0.529781,-0.317968,0.0306899,38,0.453877,-0.271957,0.0289494,39,0.475171,-0.244604,0.0289049,40,0.462183,-0.239886,0.031015,41,0.470482,-0.24701,0.0294877,42,0.510598,-0.271565,0.0317217,43,0.455565,-0.254664,0.0343333,44,0.505249,-0.241754,0.0292005,45,0.450794,-0.260014,0.0301884,46,0.474663,-0.293528,0.0290057,47,0.466083,-0.338649,0.0303035,48,0.611488,-0.246813,0.0379579,49,0.477991,-0.244011,0.0289949,50,0.550017,-0.273145,0.0389517,51,0.469198,-0.263348,0.0307199,52,0.496469,-0.262338,0.0297476,53,0.478885,-0.259405,0.0298788,54,0.514921,-0.2427,0.0303208,55,0.453507,-0.245188,0.0313093,56,0.537882,-0.26,0.0310144,57,0.510931,-0.249372,0.0296748,58,0.500382,-0.274952,0.0312302,59,0.557098,-0.276358,0.0360725,60,0.462264,-0.240813,0.0303849,61,0.562642,-0.251086,0.042621,62,0.505155,-0.246468,0.0289344,63,0.45474,-0.259233,0.0306572,64,0.505539,-0.277442,0.0289879,65,0.465553,-0.307525,0.0303311,66,0.460238,-0.253093,0.0287095,67,0.480673,-0.353367,0.0326238,68,0.449713,-0.267824,0.0360141,69,0.510433,-0.313002,0.0298768,70,0.513934,-0.236175,0.0303352,71,0.467537,-0.243472,0.0289831,72,0.460961,-0.342222,0.0328308,73,0.542231,-0.271722,0.0359629,74,0.642583,-0.26111,0.0429364,75,0.480947,-0.242526,0.0308273,76,0.567978,-0.274579,0.0438584,77,0.573553,-0.354444,0.0352334,78,0.514863,-0.266326,0.0352476,79,0.56559,-0.246339,0.0310946,80,0.412095,-0.32876,0.0325757,81,0.463199,-0.265688,0.0323635,82,0.481588,-0.261346,0.0289,83,0.453368,-0.361188,0.0289241,84,0.413086,-0.252059,0.0313525,85,0.433477,-0.327918,0.0287639,86,0.452682,-0.272441,0.0294208,87,0.423174,-0.253906,0.0329994,88,0.560072,-0.249266,0.0323685,89,0.430431,-0.249995,0.0309027,90,0.54285,-0.253627,0.0304768,91,0.439836,-0.298985,0.0291251,92,0.515107,-0.293343,0.0287348,93,0.469177,-0.256841,0.0294929,94,0.531731,-0.262365,0.0324897,95,0.555871,-0.278202,0.0305742,96,0.50305,-0.244669,0.0289701,97,0.473385,-0.318944,0.0302799,98,0.510337,-0.242549,0.0298001,99,0.462758,-0.256567,0.0290273,
generation,52,0,0.388777,-0.252947,0.0307686,1,0.497308,-0.258262,0.0319947,2,0.485209,-0.272588,0.0305793,3,0.565633,-0.278055,0.0327114,4,0.519359,-0.254303,0.0351385,5,0.49785,-0.251999,0.029302,6,0.486916,-0.294252,0.0300757,7,0.445619,-0.258808,0.0308469,8,0.533304,-0.335314,0.0308193,9,0.486694,-0.291227,0.0302045,10,0.590557,-0.242535,0.0405183,11,0.493131,-0.310661,0.0400312,12,0.486095,-0.244934,0.0289862,13,0.513704,-0.299445,0.0395567,14,0.501722,-0.245428,0.0292076,15,0.486568,-0.242409,0.0291842,16,0.477949,-0.365108,0.0351842,17,0.435811,-0.381719,0.0299589,18,0.499912,-0.267774,0.0311144,19,0.455168,-0.246925,0.0308959,20,0.431095,-0.250145,0.0298533,21,0.395467,-0.245891,0.0298116,22,0.502987,-0.292571,0.0304152,23,0.489735,-0.264417,0.0301494,24,0.509351,-0.262104,0.031445,25,0.534813,-0.243098,0.0300898,26,0.515302,-0.257403,0.0295423,27,0.437122,-0.25868,0.0307935,28,0.500363,-0.262471,0.0340437,29,0.543057,-0.25193,0.0305538,30,0.479104,-0.270575,0.0300675,31,0.460007,-0.243459,0.0293503,32,0.432889,-0.271615,0.0302688,33,0.50062,-0.277638,0.0305085,34,0.48627,-0.274596,0.0367887,35,0.57551,-0.255235,0.030439,36,0.466156,-0.249741,0.0345467,37,0.44662,-0.354637,0.0297832,38,0.475244,-0.304834,0.0303736,39,0.477627,-0.256354,0.0331839,40,0.428738,-0.283276,0.0308017,41,0.479016,-0.24296,0.0287268,42,0.480486,-0.25571,0.0290371,43,0.467507,-0.249729,0.0286914,44,0.519486,-0.256424,0.0302158,45,0.486922,-0.261229,0.0325662,46,0.416609,-0.247192,0.0304699,47,0.446929,-0.293394,0.0296735,48,0.577684,-0.307391,0.0331533,49,0.518159,-0.266681,0.0320324,50,0.458963,-0.273963,0.0307367,51,0.555488,-0.335817,0.0344006,52,0.543907,-0.250904,0.0389575,53,0.517599,-0.256323,0.029387,54,0.503197,-0.251168,0.0288488,55,0.502449,-0.242133,0.0291608,56,0.415459,-0.275003,0.0295444,57,0.586643,-0.244328,0.039233,58,0.460937,-0.238848,0.031676,59,0.480027,-0.239695,0.0343931,60,0.473103,-0.249047,0.0297275,61,0.46769,-0.271912,0.0316765,62,0.435309,-0.247516,0.0322316,63,0.471733,-0.251544,0.030269,64,0.442048,-0.242822,0.0289799,65,0.508966,-0.24484,0.0292064,66,0.486051,-0.268198,0.0289245,67,0.452252,-0.239182,0.0299134,68,0.440988,-0.328293,0.0320901,69,0.431109,-0.318932,0.0305312,70,0.47323,-0.285371,0.0306629,71,0.448796,-0.290247,0.0299569,72,0.464347,-0.33118,0.0302702,73,0.442844,-0.3018,0.0306013,74,0.618244,-0.288454,0.0360363,75,0.511915,-0.347552,0.0314428,76,0.486339,-0.251431,0.029101,77,0.498048,-0.288091,0.0296273,78,0.523599,-0.315333,0.0316952,79,0.473552,-0.276419,0.0290216,80,0.460234,-0.255981,0.0301803,81,0.48115,-0.287113,0.0302269,82,0.491087,-0.290026,0.0307457,83,0.434915,-0.253745,0.0306972,84,0.494762,-0.25898,0.0299576,85,0.454111,-0.317468,0.0312503,86,0.522401,-0.276107,0.030078,87,0.533978,-0.248435,0.0339964,88,0.462038,-0.265887,0.0288512,89,0.457768,-0.295304,0.0287821,90,0.565515,-0.254011,0.0373847,91,0.47166,-0.270946,0.0299493,92,0.468479,-0.253112,0.0322542,93,0.49392,-0.261622,0.0292017,94,0.470239,-0.274797,0.0296731,95,0.403309,-0.264172,0.0311177,96,0.538138,-0.247673,0.0305007,97,0.557861,-0.246821,0.035367,98,0.459885,-0.247893,0.028951,99,0.526948,-0.347713,0.0296702,
generation,53,0,0.551209,-0.242825,0.0360265,1,0.465827,-0.295574,0.0290985,2,0.46472,-0.282483,0.0319799,3,0.443848,-0.254871,0.0302434,4,0.459086,-0.243254,0.0289681,5,0.516057,-0.241449,0.0342453,6,0.537855,-0.251375,0.0310975,7,0.526369,-0.248807,0.0306357,8,0.521919,-0.264027,0.0303279,9,0.524796,-0.242181,0.02972,10,0.430692,-0.324701,0.0334246,11,0.45118,-0.254444,0.0298894,12,0.474604,-0.296016,0.0316009,13,0.491434,-0.279379,0.0299397,14,0.515754,-0.238923,0.0290224,15,0.463379,-0.292329,0.0299973,16,0.534497,-0.25727,0.0309555,17,0.467307,-0.246587,0.0305055,18,0.488587,-0.259541,0.0288687,19,0.446076,-0.281947,0.0299086,20,0.534756,-0.254267,0.0337718,21,0.46396,-0.26854,0.030185,22,0.533197,-0.252608,0.0291821,23,0.494143,-0.296523,0.0298209,24,0.381647,-0.242447,0.030633,25,0.569882,-0.257212,0.0321267,26,0.578079,-0.29957,0.0293474,27,0.473169,-0.312164,0.0458132,28,0.45627,-0.284847,0.0300558,29,0.476167,-0.327023,0.0299448,30,0.44333,-0.246968,0.0301036,31,0.424192,-0.257387,0.0307038,32,0.460196,-0.268099,0.0287843,33,0.482629,-0.257728,0.0289383,34,0.473084,-0.291475,0.0321583,35,0.413441,-0.251015,0.0317926,36,0.528642,-0.321514,0.0351874,37,0.487162,-0.262771,0.0292477,38,0.473454,-0.254843,0.0333057,39,0.399772,-0.304921,0.029686,40,0.435162,-0.29061,0.0294958,41,0.409206,-0.261388,0.0299043,42,0.470701,-0.254341,0.0290316,43,0.498858,-0.248718,0.0289637,44,0.527925,-0.296066,0.0291276,45,0.480175,-0.272078,0.0293585,46,0.550715,-0.317602,0.0295616,47,0.433413,-0.266142,0.0308858,48,0.507325,-0.254552,0.0363175,49,0.487557,-0.256759,0.0291363,50,0.438279,-0.310372,0.0389194,51,0.442055,-0.253207,0.0302343,52,0.41232,-0.280372,0.030585,53,0.448418,-0.332865,0.0321355,54,0.536716,-0.33792,0.0292493,55,0.471951,-0.25223,0.0288064,56,0.44983,-0.28926,0.0297363,57,0.445612,-0.252021,0.0293412,58,0.458263,-0.249911,0.0298744,59,0.464368,-0.255484,0.0300617,60,0.461553,-0.285059,0.0394155,61,0.463409,-0.253395,0.0308722,62,0.487607,-0.270281,0.0297668,63,0.560112,-0.252418,0.0292415,64,0.507444,-0.259281,0.0325122,65,0.53532,-0.259038,0.0330811,66,0.512199,-0.249007,0.0287912,67,0.529825,-0.250865,0.0306888,68,0.543157,-0.314148,0.0365809,69,0.484915,-0.263918,0.0297008,70,0.497197,-0.273314,0.0289766,71,0.471396,-0.310007,0.0309206,72,0.514384,-0.241059,0.0290775,73,0.568264,-0.269332,0.0305961,74,0.463431,-0.250236,0.0313857,75,0.545263,-0.288923,0.0301135,76,0.453715,-0.266976,0.0329943,77,0.506896,-0.290258,0.0308605,78,0.477249,-0.25803,0.0309144,79,0.473251,-0.270778,0.0297161,80,0.548898,-0.25679,0.0314268,81,0.620171,-0.259527,0.0312058,82,0.427696,-0.277939,0.029762,83,0.452649,-0.265996,0.0304057,84,0.529488,-0.283694,0.0299623,85,0.432395,-0.289828,0.0344474,86,0.436088,-0.254869,0.0307533,87,0.510242,-0.29701,0.0316934,88,0.416767,-0.25687,0.031202,89,0.477355,-0.242578,0.0293886,90,0.453249,-0.275257,0.0289637,91,0.505177,-0.314253,0.0347813,92,0.511444,-0.36347,0.0299404,93,0.446719,-0.317921,0.0299528,94,0.432299,-0.249804,0.0313161,95,0.512543,-0.251343,0.0343816,96,0.498909,-0.268977,0.0304667,97,0.521972,-0.241973,0.0304061,98,0.505217,-0.254836,0.0290407,99,0.442044,-0.251905,0.0319865,
generation,54,0,0.476378,-0.264314,0.0304768,1,0.460561,-0.31627,0.0311,2,0.504473,-0.258169,0.0337233,3,0.461219,-0.248617,0.0339202,4,0.497962,-0.275906,0.0315659,5,0.4741,-0.243965,0.0289856,6,0.409513,-0.254305,0.0295278,7,0.541737,-0.318031,0.0317733,8,0.500808,-0.330213,0.0348471,9,0.416631,-0.303394,0.0297727,10,0.540653,-0.260481,0.0327599,11,0.507824,-0.241329,0.0291477,12,0.509913,-0.251997,0.0304041,13,0.550823,-0.255839,0.0308708,14,0.526405,-0.2608,0.0318315,15,0.445749,-0.278395,0.0289581,16,0.523107,-0.249799,0.0289265,17,0.434089,-0.260428,0.0305692,18,0.489451,-0.252198,0.029832,19,0.509144,-0.239822,0.0290134,20,0.45361,-0.25975,0.0295116,21,0.492363,-0.274467,0.0290994,22,0.466658,-0.297138,0.029045,23,0.4574,-0.266785,0.0292884,24,0.53565,-0.254047,0.0298123,25,0.471127,-0.322882,0.0294207,26,0.521221,-0.291155,0.0332367,27,0.504268,-0.270279,0.0427041,28,0.541679,-0.251522,0.0302747,29,0.473711,-0.255044,0.0292346,30,0.472481,-0.251093,0.0288758,31,0.456645,-0.291918,0.0305927,32,0.511948,-0.244637,0.0293319,33,0.504373,-0.263416,0.0292212,34,0.656053,-0.240661,0.0312599,35,0.47347,-0.250394,0.0301505,36,0.552197,-0.246959,0.035149,37,0.548045,-0.250209,0.030825,38,0.509727,-0.290076,0.0353097,39,0.480875,-0.242927,0.0294101,40,0.498734,-0.263376,0.0292252,41,0.480992,-0.244503,0.0294338,42,0.542578,-0.249371,0.030288,43,0.428395,-0.280082,0.0288938,44,0.527229,-0.240861,0.0299809,45,0.427573,-0.254763,0.0296592,46,0.495495,-0.272418,0.029501,47,0.478773,-0.25315,0.0324159,48,0.532009,-0.260679,0.0348483,49,0.472877,-0.268254,0.0304323,50,0.466868,-0.243803,0.0307087,51,0.507074,-0.262513,0.0294414,52,0.483223,-0.2993,0.038606,53,0.47748,-0.248603,0.0288388,54,0.476055,-0.26701,0.0296904,55,0.537156,-0.260626,0.0313894,56,0.447367,-0.296201,0.0306397,57,0.488979,-0.303456,0.0301122,58,0.546125,-0.253482,0.0291361,59,0.479409,-0.306954,0.0298408,60,0.565871,-0.307697,0.0326871,61,0.481591,-0.298315,0.0303681,62,0.443796,-0.26948,0.0306801,63,0.537932,-0.259591,0.0313556,64,0.557448,-0.275204,0.0429397,65,0.47029,-0.296548,0.0307435,66,0.523031,-0.267864,0.0348279,67,0.484044,-0.254373,0.029126,68,0.50812,-0.270766,0.0311844,69,0.422033,-0.286095,0.0305524,70,0.548752,-0.242849,0.0309724,71,0.409019,-0.264482,0.0368006,72,0.502596,-0.337726,0.0305096,73,0.498479,-0.3756,0.0302014,74,0.490149,-0.247009,0.0292233,75,0.452485,-0.28148,0.032965,76,0.465066,-0.280483,0.0305215,77,0.462171,-0.249443,0.0287618,78,0.515594,-0.241718,0.0293618,79,0.474048,-0.272263,0.0288094,80,0.434471,-0.285102,0.0309181,81,0.522691,-0.243878,0.0292311,82,0.529914,-0.253888,0.0310927,83,0.558933,-0.371091,0.040793,84,0.513029,-0.249193,0.0296073,85,0.512659,-0.254315,0.0342846,86,0.533552,-0.264204,0.0291906,87,0.496991,-0.273939,0.0299919,88,0.532064,-0.2447,0.0334967,89,0.489824,-0.249195,0.0322478,90,0.472664,-0.270424,0.0368823,91,0.459856,-0.250149,0.0303987,92,0.492854,-0.254019,0.0308139,93,0.398942,-0.305983,0.0394919,94,0.555437,-0.246075,0.0310195,95,0.421821,-0.253635,0.0301188,96,0.552433,-0.256105,0.0333181,97,0.544693,-0.274394,0.0295174,98,0.512116,-0.249545,0.0301782,99,0.529523,-0.246945,0.0293713,
generation,55,0,0.499484,-0.270504,0.0292399,1,0.591755,-0.244101,0.0292579,2,0.473367,-0.338197,0.0401778,3,0.463761,-0.263435,0.0289332,4,0.500916,-0.243812,0.0295231,5,0.416099,-0.259884,0.0301073,6,0.521748,-0.249269,0.0299122,7,0.499096,-0.240989,0.0291604,8,0.459904,-0.270214,0.030255,9,0.460274,-0.268009,0.0296588,10,0.505112,-0.316144,0.0325434,11,0.529718,-0.302424,0.0343927,12,0.506448,-0.246496,0.0297482,13,0.565526,-0.326015,0.0321072,14,0.545316,-0.263307,0.0325616,15,0.456963,-0.273556,0.0334143,16,0.469486,-0.255085,0.0304456,17,0.514662,-0.292008,0.030829,18,0.467175,-0.254566,0.0310586,19,0.481715,-0.276079,0.0355872,20,0.470905,-0.289915,0.0290305,21,0.543624,-0.257834,0.0390668,22,0.498424,-0.244837,0.0295868,23,0.502622,-0.274983,0.0395772,24,0.463732,-0.248824,0.0309242,25,0.513506,-0.242905,0.0297889,26,0.454396,-0.269467,0.0296316,27,0.527587,-0.256304,0.0406542,28,0.568613,-0.269349,0.0358309,29,0.483984,-0.257531,0.029109,30,0.524291,-0.243767,0.0299585,31,0.508723,-0.256974,0.0305267,32,0.480733,-0.297036,0.02982,33,0.438249,-0.248449,0.0291427,34,0.435056,-0.254055,0.0297347,35,0.39555,-0.240478,0.0313143,36,0.579943,-0.255764,0.0316845,37,0.513372,-0.254206,0.0301976,38,0.460234,-0.266033,0.0312379,39,0.524413,-0.262377,0.0305207,40,0.540638,-0.292321,0.0346018,41,0.50236,-0.304764,0.0383107,42,0.525375,-0.303132,0.0297142,43,0.46623,-0.248381,0.0287772,44,0.458566,-0.269474,0.030039,45,0.459593,-0.268249,0.0294795,46,0.509658,-0.28526,0.0347768,47,0.433091,-0.251405,0.0297608,48,0.458248,-0.241415,0.0292917,49,0.491942,-0.289156,0.0356998,50,0.532739,-0.236714,0.0297917,51,0.480443,-0.2981,0.029054,52,0.523146,-0.246741,0.030334,53,0.528721,-0.257799,0.031843,54,0.467747,-0.251556,0.0344977,55,0.512673,-0.252542,0.0306506,56,0.482867,-0.280422,0.0368402,57,0.4491,-0.274061,0.0318801,58,0.449713,-0.257111,0.0290452,59,0.453818,-0.270311,0.0289,60,0.487379,-0.326148,0.0319385,61,0.477113,-0.311561,0.0299281,62,0.489295,-0.263788,0.0338556,63,0.556098,-0.245326,0.0309015,64,0.511047,-0.27331,0.03012,65,0.480348,-0.256121,0.0312382,66,0.532829,-0.246478,0.0379832,67,0.472103,-0.27996,0.0360923,68,0.536868,-0.248316,0.0298375,69,0.478353,-0.294311,0.0299503,70,0.374749,-0.24781,0.0299931,71,0.450044,-0.272292,0.0351975,72,0.462084,-0.261074,0.030173,73,0.525874,-0.265336,0.0408283,74,0.452077,-0.265075,0.0291522,75,0.48931,-0.266727,0.0320984,76,0.44597,-0.246267,0.0309818,77,0.631609,-0.357318,0.0426009,78,0.521371,-0.269507,0.03271,79,0.506109,-0.251772,0.0421911,80,0.426811,-0.249475,0.0300774,81,0.562438,-0.246188,0.0372435,82,0.496476,-0.278345,0.0308109,83,0.585872,-0.283957,0.0334563,84,0.51531,-0.255009,0.0297,85,0.489132,-0.256869,0.0332997,86,0.464506,-0.251802,0.0290767,87,0.587051,-0.242423,0.0331027,88,0.504394,-0.253896,0.0304225,89,0.418501,-0.265688,0.0329303,90,0.467711,-0.29199,0.0307347,91,0.507434,-0.269061,0.0387155,92,0.413588,-0.2487,0.0342009,93,0.496429,-0.264805,0.0295753,94,0.517778,-0.249074,0.0294711,95,0.443452,-0.261868,0.0293768,96,0.505409,-0.246754,0.0291852,97,0.526863,-0.258618,0.032201,98,0.442554,-0.274554,0.030852,99,0.484819,-0.260417,0.0303708,
generation,56,0,0.529963,-0.287436,0.0373074,1,0.424164,-0.252034,0.0305177,2,0.462182,-0.269476,0.0299434,3,0.538263,-0.260249,0.0310585,4,0.526026,-0.248053,0.0297757,5,0.450945,-0.258594,0.0306987,6,0.470609,-0.259152,0.0343523,7,0.454367,-0.266301,0.0298741,8,0.503802,-0.257807,0.0294422,9,0.479421,-0.261048,0.0322081,10,0.523977,-0.264935,0.0321429,11,0.473522,-0.332803,0.034711,12,0.483185,-0.254908,0.0290668,13,0.502877,-0.254349,0.0300055,14,0.511552,-0.267925,0.0304256,15,0.514444,-0.265236,0.0419979,16,0.411139,-0.256982,0.0293514,17,0.530839,-0.275528,0.0428693,18,0.455972,-0.250675,0.0288722,19,0.439442,-0.265933,0.0304923,20,0.503676,-0.324974,0.0353056,21,0.525774,-0.247879,0.0326539,22,0.516942,-0.260319,0.0348477,23,0.51882,-0.245162,0.029639,24,0.567693,-0.247865,0.0329315,25,0.51565,-0.267655,0.0296718,26,0.470953,-0.25013,0.0289946,27,0.549741,-0.253201,0.0337567,28,0.456533,-0.26653,0.0289306,29,0.522351,-0.283193,0.0328135,30,0.502451,-0.278832,0.0302334,31,0.531578,-0.24461,0.0289429,32,0.560482,-0.298442,0.0293338,33,0.469754,-0.302551,0.0448554,34,0.468903,-0.260212,0.0289082,35,0.449678,-0.276287,0.0303128,36,0.551472,-0.256663,0.0309422,37,0.545573,-0.268985,0.0372186,38,0.503011,-0.260591,0.0293424,39,0.485297,-0.276883,0.0290898,40,0.436181,-0.265368,0.0305962,41,0.543928,-0.252668,0.0508883,42,0.494558,-0.256219,0.0290758,43,0.519042,-0.242945,0.0294138,44,0.535942,-0.239876,0.0311139,45,0.447517,-0.242214,0.0299044,46,0.454349,-0.27452,0.029571,47,0.425104,-0.261192,0.0305067,48,0.428155,-0.289682,0.028826,49,0.512098,-0.254365,0.0304427,50,0.500569,-0.246305,0.0301568,51,0.512906,-0.299705,0.0306408,52,0.557511,-0.238339,0.0302349,53,0.504426,-0.270054,0.0295283,54,0.513186,-0.249325,0.0307411,55,0.624939,-0.267253,0.0334674,56,0.655932,-0.3126,0.0356538,57,0.498342,-0.254324,0.0309972,58,0.466272,-0.251517,0.0306785,59,0.444497,-0.25888,0.0295182,60,0.455016,-0.270101,0.0296211,61,0.466696,-0.399472,0.031426,62,0.54984,-0.2851,0.0376747,63,0.522751,-0.252471,0.0344523,64,0.57873,-0.270602,0.0375269,65,0.421778,-0.256083,0.0303535,66,0.572134,-0.267909,0.0299878,67,0.474786,-0.275727,0.0296966,68,0.502688,-0.258363,0.0286909,69,0.490909,-0.273908,0.0289508,70,0.450239,-0.257679,0.0309826,71,0.467637,-0.262432,0.0354233,72,0.437854,-0.268542,0.0297584,73,0.466413,-0.29803,0.0302249,74,0.493952,-0.243337,0.0291466,75,0.486917,-0.298031,0.0389976,76,0.469302,-0.25604,0.0296376,77,0.523827,-0.240436,0.0296692,78,0.462049,-0.25793,0.0288824,79,0.519124,-0.354681,0.0298146,80,0.54414,-0.246301,0.0349986,81,0.44294,-0.250332,0.0288062,82,0.498536,-0.255337,0.0290733,83,0.513111,-0.254339,0.0290972,84,0.509875,-0.295303,0.0308294,85,0.489458,-0.257965,0.0290496,86,0.528257,-0.331515,0.040289,87,0.539817,-0.265794,0.0310445,88,0.476031,-0.244956,0.030501,89,0.466381,-0.258728,0.0302534,90,0.552396,-0.258566,0.0310141,91,0.506309,-0.255433,0.0309927,92,0.532399,-0.264628,0.0308012,93,0.457631,-0.256699,0.0296368,94,0.475955,-0.250753,0.0286161,95,0.490504,-0.257589,0.040261,96,0.424557,-0.374946,0.0301881,97,0.542405,-0.291682,0.0294588,98,0.49048,-0.272316,0.0296249,99,0.494435,-0.26144,0.0308862,
generation,57,0,0.476019,-0.26672,0.0306353,1,0.430887,-0.269943,0.0292174,2,0.475613,-0.272959,0.0314586,3,0.495099,-0.252706,0.0320389,4,0.614738,-0.30618,0.0356488,5,0.513998,-0.249475,0.0294424,6,0.461488,-0.249262,0.0289567,7,0.538842,-0.257527,0.0346058,8,0.541671,-0.254666,0.0322921,9,0.437159,-0.242479,0.028856,10,0.536916,-0.254646,0.0293629,11,0.463713,-0.264126,0.0288613,12,0.529991,-0.242705,0.0303331,13,0.505988,-0.389607,0.0298882,14,0.534808,-0.259438,0.0323203,15,0.479331,-0.240536,0.0298578,16,0.504391,-0.278494,0.0295533,17,0.531576,-0.332156,0.0314867,18,0.531567,-0.249271,0.036109,19,0.601319,-0.268929,0.0375934,20,0.503311,-0.382055,0.0298869,21,0.50541,-0.243014,0.0288652,22,0.576258,-0.257336,0.0408523,23,0.461805,-0.260834,0.0323372,24,0.493363,-0.297472,0.030495,25,0.490773,-0.278846,0.030056,26,0.543858,-0.245606,0.0300875,27,0.448269,-0.271796,0.0297681,28,0.549087,-0.258746,0.0297381,29,0.438802,-0.286727,0.0299356,30,0.58203,-0.262586,0.0319804,31,0.481082,-0.240448,0.028768,32,0.472581,-0.323156,0.0311464,33,0.407986,-0.327366,0.0384429,34,0.517371,-0.247179,0.0303114,35,0.549205,-0.25409,0.0365377,36,0.484919,-0.255098,0.0288301,37,0.47775,-0.254276,0.0314075,38,0.544295,-0.248474,0.0306221,39,0.525408,-0.242204,0.0297696,40,0.511463,-0.242265,0.0300441,41,0.501649,-0.259252,0.0290742,42,0.471373,-0.243622,0.0289497,43,0.502709,-0.286858,0.0302267,44,0.471483,-0.308067,0.030484,45,0.553165,-0.264341,0.0378286,46,0.549429,-0.320662,0.0302574,47,0.487487,-0.261086,0.029859,48,0.437291,-0.246565,0.0312207,49,0.437646,-0.239598,0.0308191,50,0.527149,-0.240426,0.0300202,51,0.576775,-0.255508,0.0313142,52,0.537466,-0.249795,0.0294574,53,0.507324,-0.258427,0.0423432,54,0.576694,-0.261895,0.0388852,55,0.555403,-0.248313,0.0306961,56,0.564444,-0.242646,0.030832,57,0.511865,-0.253202,0.0301251,58,0.516116,-0.263074,0.0354179,59,0.528544,-0.283206,0.0329187,60,0.528908,-0.240917,0.030482,61,0.522599,-0.247734,0.0305465,62,0.396259,-0.260318,0.0298572,63,0.483568,-0.267543,0.0293686,64,0.472352,-0.242691,0.0289335,65,0.520149,-0.269945,0.0412988,66,0.422837,-0.278968,0.0298767,67,0.516994,-0.247772,0.0315019,68,0.440328,-0.250535,0.0299363,69,0.464112,-0.265263,0.028672,70,0.465358,-0.318901,0.0315172,71,0.573182,-0.258743,0.04733,72,0.513785,-0.256288,0.0337607,73,0.568875,-0.267411,0.0324609,74,0.493967,-0.246357,0.0298088,75,0.474879,-0.24756,0.0298129,76,0.612648,-0.241172,0.0401803,77,0.530312,-0.244785,0.0325398,78,0.472809,-0.254101,0.0287018,79,0.487073,-0.266713,0.0288382,80,0.514906,-0.285275,0.0322617,81,0.425963,-0.300457,0.0318781,82,0.523404,-0.279319,0.0412493,83,0.457591,-0.251322,0.0295853,84,0.527853,-0.267285,0.0307071,85,0.490808,-0.241074,0.0290308,86,0.49451,-0.300872,0.0292782,87,0.449252,-0.250233,0.0293208,88,0.494316,-0.247375,0.0293408,89,0.44376,-0.249557,0.030543,90,0.478527,-0.284556,0.0402917,91,0.51139,-0.257332,0.0294598,92,0.493345,-0.254062,0.0289732,93,0.415848,-0.266229,0.0298007,94,0.465863,-0.258234,0.029241,95,0.491643,-0.256992,0.0304911,96,0.520706,-0.240257,0.0298693,97,0.525631,-0.243776,0.0291026,98,0.442557,-0.285194,0.0336732,99,0.489733,-0.306415,0.0302218,
generation,58,0,0.580304,-0.246014,0.0297331,1,0.537374,-0.259573,0.0296227,2,0.529867,-0.252896,0.0304142,3,0.58308,-0.33585,0.0303959,4,0.487405,-0.303615,0.0337562,5,0.5658,-0.282923,0.0381014,6,0.46353,-0.266958,0.0302369,7,0.48879,-0.252959,0.0292549,8,0.482437,-0.283877,0.0295917,9,0.418969,-0.284672,0.0297389,10,0.529239,-0.245151,0.0295097,11,0.464136,-0.270491,0.0289471,12,0.492756,-0.265627,0.0301977,13,0.504782,-0.284674,0.0347156,14,0.459238,-0.243445,0.0306174,15,0.403093,-0.23769,0.0290965,16,0.491383,-0.258699,0.0293472,17,0.580237,-0.244719,0.0294587,18,0.41367,-0.279101,0.0305267,19,0.478995,-0.243464,0.0309906,20,0.568599,-0.268204,0.0361947,21,0.445578,-0.264433,0.0288397,22,0.497834,-0.242571,0.0350824,23,0.473073,-0.274257,0.0288436,24,0.546302,-0.321631,0.0307542,25,0.492726,-0.242206,0.0296576,26,0.445538,-0.277396,0.0293354,27,0.527384,-0.247782,0.0305379,28,0.583713,-0.24303,0.0296343,29,0.409482,-0.256393,0.0303559,30,0.417067,-0.268109,0.0304104,31,0.49177,-0.253903,0.0292082,32,0.435551,-0.261205,0.0301423,33,0.462584,-0.250842,0.0289584,34,0.443938,-0.282878,0.0304742,35,0.528897,-0.252494,0.0299869,36,0.502851,-0.256017,0.0295222,37,0.520089,-0.244067,0.029346,38,0.476182,-0.244908,0.0289271,39,0.448829,-0.248042,0.0290428,40,0.505855,-0.265033,0.0308106,41,0.500158,-0.252801,0.0292102,42,0.477707,-0.240799,0.0292545,43,0.498658,-0.247939,0.0292697,44,0.470451,-0.290661,0.0334203,45,0.48558,-0.360164,0.0319279,46,0.496069,-0.244008,0.0290314,47,0.483254,-0.248866,0.0289966,48,0.487488,-0.290927,0.0306724,49,0.459574,-0.249947,0.0308584,50,0.440508,-0.309298,0.0303999,51,0.45797,-0.277627,0.0298774,52,0.522272,-0.244728,0.0296324,53,0.409516,-0.254662,0.0368839,54,0.526152,-0.241354,0.0297974,55,0.500238,-0.248202,0.0289188,56,0.474298,-0.252818,0.0296931,57,0.473303,-0.281459,0.0325469,58,0.499096,-0.28786,0.0301552,59,0.497384,-0.253503,0.0317573,60,0.414544,-0.262564,0.0313301,61,0.574188,-0.299906,0.0376188,62,0.466721,-0.284605,0.0363086,63,0.502014,-0.271754,0.0298869,64,0.474532,-0.300411,0.0342347,65,0.547609,-0.263246,0.0381507,66,0.472836,-0.248783,0.0303311,67,0.45685,-0.268743,0.029242,68,0.496188,-0.239616,0.030915,69,0.458373,-0.245405,0.0287246,70,0.405085,-0.298243,0.0297435,71,0.514332,-0.257229,0.0303461,72,0.54778,-0.262248,0.0305279,73,0.592797,-0.248248,0.0305816,74,0.47495,-0.245466,0.0291165,75,0.454156,-0.267646,0.0315511,76,0.566252,-0.260711,0.0313295,77,0.494726,-0.250307,0.0306719,78,0.574425,-0.254476,0.0298415,79,0.513533,-0.241058,0.0317396,80,0.5078,-0.239569,0.0345704,81,0.450871,-0.267609,0.0287611,82,0.499615,-0.256642,0.029649,83,0.463072,-0.256381,0.0350982,84,0.49597,-0.260949,0.0393526,85,0.480243,-0.239768,0.0290804,86,0.461009,-0.259477,0.028867,87,0.518463,-0.313763,0.0359067,88,0.478284,-0.298751,0.029475,89,0.558326,-0.254236,0.0300936,90,0.480746,-0.280532,0.0305621,91,0.475822,-0.242729,0.0300286,92,0.52201,-0.249309,0.0311755,93,0.484664,-0.306304,0.0295815,94,0.498459,-0.269609,0.0291837,95,0.513223,-0.242281,0.0300054,96,0.52008,-0.339375,0.031608,97,0.486875,-0.252078,0.0291116,98,0.527328,-0.241669,0.029716,99,0.491684,-0.275943,0.0294665,
generation,59,0,0.500602,-0.270778,0.0291169,1,0.355525,-0.262327,0.0322475,2,0.424217,-0.262997,0.0289423,3,0.469538,-0.239783,0.0303614,4,0.452297,-0.275094,0.0339941,5,0.446817,-0.259979,0.0289493,6,0.554536,-0.288331,0.0298772,7,0.51535,-0.284792,0.0303434,8,0.449047,-0.314438,0.0294566,9,0.469347,-0.339287,0.0292907,10,0.530192,-0.242826,0.0333506,11,0.655174,-0.258487,0.0308942,12,0.465843,-0.252846,0.0294638,13,0.692081,-0.315383,0.0377203,14,0.489969,-0.37938,0.0307344,15,0.478345,-0.300514,0.0302963,16,0.576711,-0.28344,0.0331335,17,0.526322,-0.245408,0.0304091,18,0.450479,-0.278624,0.0289863,19,0.403132,-0.316807,0.0325372,20,0.498051,-0.246492,0.0294386,21,0.488017,-0.242469,0.0291364,22,0.411391,-0.263713,0.0296185,23,0.522145,-0.244228,0.0292384,24,0.495633,-0.252875,0.0287931,25,0.53181,-0.31914,0.0328719,26,0.493447,-0.256187,0.0303922,27,0.442763,-0.281516,0.0305648,28,0.508999,-0.242211,0.0296269,29,0.459705,-0.257142,0.0361311,30,0.438472,-0.238309,0.0311221,31,0.50011,-0.282892,0.0305679,32,0.494618,-0.244948,0.0290246,33,0.47839,-0.238962,0.03014,34,0.463147,-0.333942,0.0347771,35,0.470988,-0.281079,0.0291981,36,0.501019,-0.241374,0.0307653,37,0.436107,-0.34093,0.0303374,38,0.437223,-0.253238,0.0303594,39,0.4772,-0.274808,0.0303464,40,0.512169,-0.243907,0.0294185,41,0.507104,-0.266281,0.0329953,42,0.708462,-0.249369,0.0324129,43,0.507743,-0.247504,0.0293444,44,0.463102,-0.259727,0.0344499,45,0.475418,-0.289198,0.0309042,46,0.457376,-0.262746,0.0291509,47,0.56403,-0.24836,0.0314794,48,0.596925,-0.244648,0.0303425,49,0.498132,-0.274671,0.0345816,50,0.516476,-0.253929,0.0369331,51,0.400048,-0.389661,0.0301808,52,0.495511,-0.263664,0.030648,53,0.429931,-0.287824,0.0305006,54,0.407567,-0.252662,0.0310611,55,0.454757,-0.31611,0.0297155,56,0.401757,-0.270581,0.0347154,57,0.531381,-0.272731,0.029215,58,0.432879,-0.247808,0.0299831,59,0.535476,-0.249887,0.0316088,60,0.519692,-0.24316,0.0296053,61,0.486186,-0.248502,0.0296387,62,0.476961,-0.247206,0.0367451,63,0.491208,-0.24362,0.0289761,64,0.521733,-0.271798,0.0309993,65,0.416833,-0.257398,0.030839,66,0.520542,-0.262982,0.0297934,67,0.459128,-0.277536,0.0311012,68,0.441978,-0.282433,0.0294882,69,0.432243,-0.256921,0.0288641,70,0.515293,-0.238543,0.0292164,71,0.564798,-0.242893,0.033522,72,0.488372,-0.349927,0.030738,73,0.526154,-0.243633,0.0346283,74,0.529305,-0.25084,0.0302367,75,0.540399,-0.256615,0.0313843,76,0.543811,-0.26722,0.0343776,77,0.43188,-0.243602,0.0302606,78,0.487107,-0.25766,0.0292481,79,0.458473,-0.283205,0.0291401,80,0.443491,-0.280137,0.0287996,81,0.435538,-0.280026,0.0296561,82,0.437104,-0.248837,0.0297586,83,0.531485,-0.28136,0.0300372,84,0.481067,-0.274523,0.0294565,85,0.456333,-0.383,0.0318642,86,0.448006,-0.361606,0.0298192,87,0.482775,-0.260734,0.0289714,88,0.521505,-0.25421,0.0300272,89,0.564653,-0.257446,0.0341968,90,0.473213,-0.271533,0.0313183,91,0.443019,-0.245132,0.028831,92,0.465775,-0.248475,0.0291697,93,0.465021,-0.249969,0.0299852,94,0.450417,-0.248883,0.0319065,95,0.417737,-0.30572,0.029356,96,0.509745,-0.251062,0.0354632,97,0.435715,-0.279382,0.0290233,98,0.447948,-0.269506,0.034311,99,0.525657,-0.24277,0.0287642,
generation,60,0,0.522807,-0.248902,0.0303191,1,0.449552,-0.274655,0.0315884,2,0.429536,-0.290221,0.031059,3,0.478877,-0.337631,0.0311753,4,0.537581,-0.283596,0.0314882,5,0.468291,-0.249822,0.0288969,6,0.465116,-0.242955,0.0365833,7,0.463164,-0.25403,0.030435,8,0.457336,-0.255805,0.0287626,9,0.401895,-0.270882,0.0314809,10,0.525159,-0.328794,0.0312416,11,0.493417,-0.255548,0.0290529,12,0.491389,-0.261269,0.0293627,13,0.494415,-0.283195,0.0307442,14,0.566925,-0.350934,0.032565,15,0.496964,-0.333721,0.0298685,16,0.412273,-0.357025,0.0297619,17,0.555542,-0.2582,0.0308164,18,0.414201,-0.268252,0.0305604,19,0.526325,-0.244781,0.0326786,20,0.614451,-0.275016,0.0319314,21,0.437041,-0.244641,0.0297987,22,0.497478,-0.253997,0.029246,23,0.447153,-0.280109,0.0296951,24,0.464522,-0.264474,0.0297039,25,0.438047,-0.26189,0.0308495,26,0.531902,-0.249802,0.0408542,27,0.505875,-0.255145,0.0291986,28,0.437539,-0.300198,0.0287836,29,0.431466,-0.251678,0.0313449,30,0.447718,-0.260361,0.0304018,31,0.498062,-0.262175,0.0342089,32,0.476108,-0.254418,0.0294324,33,0.482181,-0.246602,0.0310285,34,0.499135,-0.246487,0.0288166,35,0.535644,-0.262199,0.0400252,36,0.509907,-0.243397,0.0404241,37,0.499614,-0.346661,0.0304553,38,0.440786,-0.318125,0.0306581,39,0.480246,-0.252666,0.0303232,40,0.446125,-0.243072,0.0312266,41,0.518044,-0.236799,0.0305358,42,0.552474,-0.248795,0.0400032,43,0.478009,-0.277443,0.0302344,44,0.52822,-0.268938,0.0302093,45,0.512008,-0.270773,0.030285,46,0.476368,-0.249994,0.0310562,47,0.423553,-0.332928,0.030588,48,0.468896,-0.241837,0.0296169,49,0.429733,-0.264843,0.0304349,50,0.438956,-0.253697,0.0292095,51,0.450262,-0.278243,0.0335199,52,0.511592,-0.239279,0.029516,53,0.449886,-0.274934,0.0288826,54,0.461376,-0.24729,0.030785,55,0.516093,-0.278508,0.0327561,56,0.427861,-0.252231,0.0287077,57,0.423576,-0.249949,0.0302085,58,0.470628,-0.247987,0.0295786,59,0.498115,-0.352869,0.0292448,60,0.501289,-0.242932,0.0318569,61,0.428281,-0.283188,0.030081,62,0.571449,-0.238483,0.0400114,63,0.434836,-0.247605,0.0388908,64,0.469806,-0.244099,0.0289762,65,0.589432,-0.250291,0.0306111,66,0.499189,-0.251987,0.029644,67,0.469971,-0.247052,0.0288946,68,0.491119,-0.243511,0.0292633,69,0.578751,-0.259004,0.0406255,70,0.542201,-0.255451,0.031375,71,0.555277,-0.260938,0.0293871,72,0.515832,-0.239274,0.0287623,73,0.503147,-0.240353,0.0294355,74,0.595297,-0.260213,0.0391265,75,0.500931,-0.246279,0.030071,76,0.537198,-0.250755,0.0297856,77,0.571049,-0.246172,0.0313398,78,0.509913,-0.33553,0.0299294,79,0.472685,-0.254025,0.0309273,80,0.528068,-0.336503,0.0311918,81,0.532905,-0.249268,0.031777,82,0.495284,-0.254283,0.030303,83,0.498394,-0.273268,0.031113,84,0.543895,-0.255241,0.0298006,85,0.453095,-0.24084,0.0299132,86,0.512009,-0.277197,0.0327528,87,0.46449,-0.259056,0.0291323,88,0.618909,-0.23933,0.0297758,89,0.417469,-0.248684,0.030539,90,0.460491,-0.286064,0.0295697,91,0.429439,-0.245073,0.0300869,92,0.509581,-0.372233,0.0301962,93,0.490332,-0.262948,0.0303736,94,0.504841,-0.273168,0.0306491,95,0.464868,-0.256645,0.0305627,96,0.430433,-0.360855,0.0296523,97,0.486793,-0.247011,0.0292796,98,0.499819,-0.242408,0.0321478,99,0.584658,-0.319857,0.0347125,
generation,61,0,0.496075,-0.258197,0.0293682,1,0.498951,-0.292455,0.0303942,2,0.459844,-0.266102,0.0384873,3,0.473245,-0.272346,0.0310713,4,0.524202,-0.240035,0.030384,5,0.552125,-0.257988,0.0308664,6,0.521281,-0.259145,0.0421468,7,0.482769,-0.299552,0.0331821,8,0.477428,-0.240958,0.0295362,9,0.480293,-0.289797,0.0301846,10,0.495413,-0.242694,0.0291038,11,0.461174,-0.259524,0.030417,12,0.465466,-0.246367,0.0338346,13,0.45482,-0.251934,0.0291078,14,0.47835,-0.260876,0.0293995,15,0.448234,-0.281117,0.0317536,16,0.471683,-0.253575,0.0288417,17,0.626758,-0.240816,0.0296745,18,0.515574,-0.246139,0.0295793,19,0.43931,-0.339108,0.0333254,20,0.491186,-0.267354,0.0293704,21,0.542887,-0.290407,0.0344735,22,0.63834,-0.242319,0.030081,23,0.466407,-0.39839,0.029588,24,0.468394,-0.260078,0.0287493,25,0.456821,-0.260035,0.0296444,26,0.530448,-0.258856,0.0337046,27,0.48241,-0.328066,0.038525,28,0.5257,-0.29556,0.0410405,29,0.502656,-0.348266,0.0309851,30,0.504731,-0.364041,0.0295831,31,0.43668,-0.240896,0.0296671,32,0.476803,-0.254775,0.029843,33,0.430503,-0.265169,0.0314894,34,0.467587,-0.292633,0.0297036,35,0.523409,-0.254471,0.0308104,36,0.511566,-0.289138,0.0288729,37,0.491482,-0.29125,0.030573,38,0.605995,-0.257652,0.0373489,39,0.482269,-0.268798,0.0286802,40,0.523152,-0.248718,0.0351444,41,0.468557,-0.271939,0.0312134,42,0.522875,-0.25956,0.0434498,43,0.525147,-0.281203,0.0362949,44,0.474044,-0.246542,0.0433766,45,0.502239,-0.247537,0.0287636,46,0.489728,-0.244898,0.0291039,47,0.462383,-0.263108,0.0288721,48,0.553958,-0.251087,0.030968,49,0.503148,-0.246915,0.0304559,50,0.4582,-0.271257,0.0289453,51,0.503549,-0.280217,0.0308707,52,0.54813,-0.300275,0.0372907,53,0.477872,-0.290863,0.0314774,54,0.464702,-0.257691,0.0291945,55,0.485487,-0.270941,0.0290488,56,0.50693,-0.250472,0.0305832,57,0.52331,-0.243338,0.0296205,58,0.516728,-0.274941,0.0396505,59,0.479009,-0.24837,0.0298957,60,0.571382,-0.287843,0.0356403,61,0.47938,-0.269704,0.0291215,62,0.520797,-0.262954,0.0301449,63,0.476691,-0.269869,0.0302325,64,0.538056,-0.261032,0.0416853,65,0.615471,-0.322007,0.0341527,66,0.446507,-0.267436,0.0295377,67,0.444853,-0.298392,0.0309032,68,0.618966,-0.285396,0.0432735,69,0.442504,-0.304694,0.0290707,70,0.46332,-0.294064,0.0430311,71,0.571864,-0.26939,0.0330165,72,0.492606,-0.26208,0.028943,73,0.505632,-0.312549,0.0321232,74,0.476457,-0.285992,0.032649,75,0.457727,-0.243051,0.0291357,76,0.534996,-0.275969,0.0328335,77,0.439958,-0.255992,0.0317462,78,0.455744,-0.282973,0.0310539,79,0.418912,-0.279306,0.03148,80,0.517969,-0.275427,0.0346137,81,0.424341,-0.27443,0.0299384,82,0.467496,-0.29418,0.0347426,83,0.48523,-0.258396,0.0291318,84,0.602303,-0.294236,0.0442414,85,0.598305,-0.243496,0.0300876,86,0.435024,-0.320776,0.0294689,87,0.544883,-0.26036,0.0354536,88,0.464932,-0.279055,0.0307155,89,0.520425,-0.246058,0.032793,90,0.464291,-0.252417,0.0304407,91,0.517488,-0.257665,0.0300959,92,0.502327,-0.252746,0.0338909,93,0.436773,-0.303395,0.030553,94,0.523047,-0.267787,0.03874,95,0.479613,-0.249285,0.03195,96,0.589877,-0.241303,0.0310482,97,0.501507,-0.255686,0.03124,98,0.441958,-0.278188,0.0311012,99,0.515173,-0.272596,0.0379794,
generation,62,0,0.515828,-0.299857,0.0297949,1,0.410204,-0.261324,0.0298583,2,0.445574,-0.276906,0.0290091,3,0.419776,-0.264779,0.0313611,4,0.43108,-0.267469,0.0290537,5,0.500585,-0.295553,0.034701,6,0.526158,-0.254574,0.0367295,7,0.542158,-0.264587,0.0312568,8,0.508633,-0.259143,0.0309849,9,0.468959,-0.259238,0.0299037,10,0.473262,-0.2483,0.0299492,11,0.432201,-0.251872,0.0304804,12,0.483953,-0.259855,0.0378159,13,0.507156,-0.233496,0.034046,14,0.472283,-0.244577,0.0303987,15,0.45464,-0.262226,0.0302429,16,0.660161,-0.234601,0.0308491,17,0.494596,-0.240996,0.0314819,18,0.405801,-0.265979,0.0325088,19,0.46097,-0.270996,0.0306569,20,0.530974,-0.278326,0.0392867,21,0.464492,-0.271728,0.0320386,22,0.484763,-0.259547,0.031047,23,0.518352,-0.261223,0.0343291,24,0.489101,-0.295812,0.0303484,25,0.449601,-0.259057,0.0317593,26,0.478436,-0.249675,0.0292518,27,0.449414,-0.266135,0.0308261,28,0.471273,-0.250814,0.0296745,29,0.451787,-0.255704,0.0294506,30,0.496449,-0.263631,0.0289324,31,0.428167,-0.289217,0.029648,32,0.500483,-0.258559,0.0310435,33,0.473798,-0.275595,0.0289061,34,0.523793,-0.256695,0.0307067,35,0.425932,-0.286469,0.034865,36,0.526422,-0.239004,0.0292177,37,0.63355,-0.253534,0.030617,38,0.50344,-0.25959,0.0309226,39,0.487781,-0.260428,0.0292197,40,0.511406,-0.289519,0.0384014,41,0.441491,-0.249512,0.0289492,42,0.501165,-0.249346,0.0289861,43,0.437887,-0.24454,0.0321363,44,0.469887,-0.251618,0.029087,45,0.487896,-0.24556,0.0329815,46,0.449819,-0.371066,0.0303823,47,0.495747,-0.262774,0.0297308,48,0.495733,-0.249808,0.0300056,49,0.520919,-0.239185,0.0294108,50,0.404708,-0.261838,0.0349559,51,0.514773,-0.242026,0.0289324,52,0.512713,-0.241745,0.0290254,53,0.503138,-0.252778,0.0319398,54,0.460231,-0.286825,0.0369726,55,0.518921,-0.263883,0.0288258,56,0.442107,-0.2651,0.0299122,57,0.542416,-0.253743,0.0338306,58,0.596992,-0.263846,0.0409817,59,0.420829,-0.264351,0.0311366,60,0.47602,-0.323981,0.0301358,61,0.446747,-0.249257,0.0292902,62,0.464332,-0.264566,0.0299949,63,0.391312,-0.340449,0.0302086,64,0.404779,-0.352501,0.0303831,65,0.514926,-0.243101,0.0291602,66,0.537837,-0.24921,0.0317895,67,0.545042,-0.271785,0.0321389,68,0.512448,-0.294495,0.0309307,69,0.487966,-0.36942,0.0314214,70,0.509277,-0.253991,0.030135,71,0.40367,-0.271947,0.0301308,72,0.430596,-0.264039,0.0297133,73,0.431666,-0.245589,0.0307942,74,0.464152,-0.276163,0.032334,75,0.488856,-0.322927,0.0296758,76,0.485799,-0.274663,0.0291061,77,0.512127,-0.241166,0.0310354,78,0.516971,-0.237171,0.0298841,79,0.495786,-0.27433,0.030202,80,0.495276,-0.299675,0.0333747,81,0.568902,-0.323549,0.0335702,82,0.506842,-0.249412,0.0289088,83,0.556208,-0.252498,0.0326913,84,0.569032,-0.273336,0.0341349,85,0.513594,-0.261838,0.0313236,86,0.455505,-0.263848,0.030067,87,0.488165,-0.279476,0.0359952,88,0.475012,-0.343937,0.0363703,89,0.461703,-0.261817,0.0297753,90,0.471458,-0.259201,0.030275,91,0.460176,-0.244925,0.0294159,92,0.476325,-0.242755,0.0299822,93,0.416097,-0.238689,0.0306281,94,0.620589,-0.277946,0.0412761,95,0.433772,-0.274254,0.0304033,96,0.465717,-0.260126,0.0293333,97,0.436479,-0.287703,0.0333944,98,0.477355,-0.242074,0.0367121,99,0.47543,-0.261779,0.02885,
generation,63,0,0.455749,-0.247526,0.0287191,1,0.474663,-0.343511,0.029757,2,0.486912,-0.245571,0.0309302,3,0.503556,-0.268072,0.0296857,4,0.52393,-0.238293,0.0294144,5,0.537565,-0.30081,0.0289669,6,0.441662,-0.246215,0.0290347,7,0.456676,-0.263077,0.0287386,8,0.440908,-0.253017,0.0309103,9,0.463425,-0.268815,0.0294362,10,0.43207,-0.239967,0.0308946,11,0.45858,-0.292239,0.0306933,12,0.5362,-0.275897,0.033009,13,0.477698,-0.244779,0.0298021,14,0.506534,-0.283182,0.0286978,15,0.497015,-0.286004,0.0307211,16,0.602569,-0.271725,0.0293834,17,0.435816,-0.245016,0.0291339,18,0.460958,-0.268873,0.0299245,19,0.470605,-0.254357,0.0294543,20,0.428835,-0.261382,0.0305497,21,0.472958,-0.283683,0.0306333,22,0.528308,-0.25152,0.0304868,23,0.446044,-0.271749,0.0335702,24,0.462523,-0.248506,0.0313173,25,0.470369,-0.266608,0.030029,26,0.507174,-0.254004,0.0291263,27,0.499785,-0.281277,0.0346205,28,0.448304,-0.278535,0.0296303,29,0.448877,-0.248688,0.0305897,30,0.351132,-0.237428,0.0304016,31,0.473952,-0.301819,0.0289421,32,0.521742,-0.241702,0.0293072,33,0.494755,-0.254531,0.0294822,34,0.540123,-0.245845,0.0296548,35,0.419895,-0.24603,0.0297959,36,0.497917,-0.241685,0.0291872,37,0.411088,-0.256073,0.0297353,38,0.501305,-0.241138,0.0294688,39,0.559396,-0.250696,0.0332883,40,0.583366,-0.25952,0.0402554,41,0.494319,-0.245263,0.0296807,42,0.462498,-0.243767,0.0297747,43,0.507156,-0.294686,0.0303914,44,0.626997,-0.248777,0.02986,45,0.441417,-0.275825,0.0306933,46,0.465501,-0.244196,0.0294681,47,0.494206,-0.252416,0.0294258,48,0.465454,-0.259184,0.0296385,49,0.505406,-0.24895,0.0304965,50,0.451339,-0.276824,0.0292013,51,0.485782,-0.279694,0.0295883,52,0.439383,-0.266605,0.0297572,53,0.462941,-0.248572,0.0301771,54,0.537724,-0.276512,0.0322168,55,0.503881,-0.268328,0.036565,56,0.454789,-0.259834,0.0308068,57,0.513639,-0.241804,0.0315512,58,0.519767,-0.2434,0.0290623,59,0.448915,-0.326694,0.02977,60,0.519962,-0.266609,0.0292832,61,0.419586,-0.247629,0.0306733,62,0.429598,-0.249756,0.0297445,63,0.489847,-0.265233,0.0289618,64,0.438162,-0.256941,0.0294136,65,0.48438,-0.299347,0.0321613,66,0.434102,-0.251629,0.0303092,67,0.504562,-0.321639,0.0301556,68,0.588824,-0.278942,0.0309373,69,0.502195,-0.245279,0.0291771,70,0.483886,-0.252143,0.0290112,71,0.602699,-0.244454,0.0340766,72,0.483155,-0.245297,0.0329607,73,0.471263,-0.250063,0.0288375,74,0.444206,-0.255444,0.0298124,75,0.525536,-0.248693,0.0295259,76,0.562418,-0.280466,0.0313739,77,0.500682,-0.254332,0.0289018,78,0.474294,-0.297455,0.0320854,79,0.464117,-0.253894,0.0300319,80,0.441804,-0.255647,0.0298587,81,0.576716,-0.278136,0.0300287,82,0.506599,-0.268364,0.0303135,83,0.478643,-0.248084,0.0294435,84,0.474203,-0.277415,0.0308362,85,0.501687,-0.260711,0.0289158,86,0.505085,-0.293573,0.0300175,87,0.456334,-0.270942,0.0351752,88,0.625118,-0.239368,0.0387415,89,0.47406,-0.282335,0.0317257,90,0.48588,-0.265538,0.032857,91,0.475164,-0.241599,0.0298247,92,0.497601,-0.269448,0.0375764,93,0.447068,-0.267411,0.0292308,94,0.471856,-0.257046,0.03058,95,0.495105,-0.293889,0.0304148,96,0.459223,-0.266806,0.0382828,97,0.450733,-0.286142,0.0325149,98,0.513429,-0.243751,0.0292299,99,0.521917,-0.276149,0.0330801,
generation,64,0,0.500712,-0.257999,0.029491,1,0.603685,-0.265039,0.0310515,2,0.425411,-0.261271,0.0322618,3,0.469214,-0.25407,0.0308761,4,0.487585,-0.260426,0.0290406,5,0.505289,-0.24783,0.0295583,6,0.510631,-0.280322,0.0299176,7,0.513666,-0.251809,0.0294148,8,0.461011,-0.246267,0.0303619,9,0.5061,-0.249474,0.0293424,10,0.430068,-0.25021,0.0308131,11,0.437678,-0.251962,0.0294277,12,0.44161,-0.276179,0.0307385,13,0.545215,-0.317212,0.0348116,14,0.489307,-0.248292,0.0290616,15,0.532519,-0.244414,0.0304179,16,0.509263,-0.24707,0.0292229,17,0.598872,-0.27409,0.032791,18,0.465055,-0.256667,0.0288177,19,0.47648,-0.271071,0.0301188,20,0.510385,-0.253648,0.029754,21,0.470239,-0.253909,0.029812,22,0.48216,-0.277633,0.0291915,23,0.412618,-0.240269,0.029312,24,0.507329,-0.253323,0.0353387,25,0.598203,-0.342198,0.0370735,26,0.518915,-0.25568,0.0314975,27,0.411379,-0.253357,0.0303406,28,0.387768,-0.25087,0.0301697,29,0.45847,-0.245207,0.028749,30,0.483432,-0.389247,0.0305988,31,0.644327,-0.24126,0.0299002,32,0.512428,-0.268621,0.0321414,33,0.511273,-0.268409,0.029973,34,0.471793,-0.25258,0.0324051,35,0.475045,-0.281107,0.0310938,36,0.505763,-0.2403,0.0289842,37,0.599403,-0.248966,0.0311929,38,0.480498,-0.261537,0.0289104,39,0.50751,-0.252569,0.0290148,40,0.50004,-0.278064,0.0314458,41,0.404939,-0.270702,0.0298088,42,0.492643,-0.305897,0.0297752,43,0.481179,-0.275384,0.0304724,44,0.541646,-0.243044,0.0302067,45,0.499067,-0.273871,0.0323598,46,0.384035,-0.270446,0.0302741,47,0.516702,-0.264408,0.0320864,48,0.430345,-0.246548,0.0305001,49,0.49393,-0.35607,0.0341972,50,0.457296,-0.247266,0.0295504,51,0.444394,-0.261788,0.0296459,52,0.464006,-0.245996,0.0295374,53,0.489157,-0.245968,0.0290456,54,0.427739,-0.249533,0.0289586,55,0.510212,-0.2431,0.0296169,56,0.509164,-0.241656,0.0296069,57,0.443597,-0.302814,0.0298733,58,0.427979,-0.370534,0.0310248,59,0.504168,-0.283065,0.030639,60,0.472851,-0.253727,0.0288261,61,0.464346,-0.260493,0.0290762,62,0.450906,-0.268189,0.0299411,63,0.531079,-0.316884,0.0308718,64,0.520243,-0.239844,0.028895,65,0.461071,-0.258846,0.0291589,66,0.47938,-0.309993,0.0295115,67,0.458373,-0.296818,0.0303522,68,0.48798,-0.239791,0.0348273,69,0.45981,-0.257579,0.0306309,70,0.515361,-0.242992,0.0297233,71,0.474412,-0.251838,0.0289132,72,0.513711,-0.283872,0.0324209,73,0.534724,-0.283001,0.0305422,74,0.557027,-0.281122,0.0305649,75,0.583594,-0.294519,0.0292961,76,0.487063,-0.266491,0.0344164,77,0.566849,-0.253162,0.0416276,78,0.473964,-0.253633,0.0287761,79,0.42688,-0.256893,0.0291679,80,0.529642,-0.317468,0.029215,81,0.505586,-0.256608,0.0303039,82,0.472545,-0.245211,0.0290673,83,0.480753,-0.257397,0.0287139,84,0.471237,-0.244568,0.0373455,85,0.49392,-0.254087,0.0307866,86,0.47483,-0.283155,0.0291355,87,0.465493,-0.248631,0.0309784,88,0.463285,-0.374631,0.0289313,89,0.44981,-0.241743,0.0313229,90,0.664025,-0.281285,0.0384503,91,0.45439,-0.251395,0.0292232,92,0.506824,-0.329412,0.0303965,93,0.456548,-0.240203,0.0306989,94,0.427546,-0.252788,0.0303968,95,0.449656,-0.282244,0.0298771,96,0.500691,-0.242583,0.029106,97,0.449389,-0.248111,0.0295817,98,0.493881,-0.263797,0.030419,99,0.499064,-0.244987,0.0290805,
generation,65,0,0.481367,-0.258126,0.0308843,1,0.467543,-0.262622,0.0297206,2,0.577827,-0.240064,0.0315658,3,0.436363,-0.244148,0.0305788,4,0.510923,-0.274606,0.0323006,5,0.500426,-0.279729,0.0308261,6,0.51182,-0.259332,0.0293831,7,0.490957,-0.252105,0.0296156,8,0.482506,-0.25954,0.0292968,9,0.464816,-0.255289,0.0287306,10,0.621201,-0.276971,0.0324052,11,0.449298,-0.263773,0.0299,12,0.473115,-0.257805,0.0313359,13,0.465984,-0.299965,0.029906,14,0.508913,-0.260629,0.029589,15,0.47657,-0.249913,0.0289291,16,0.456025,-0.258683,0.0366927,17,0.527041,-0.282546,0.0304259,18,0.469523,-0.261737,0.0334339,19,0.575828,-0.323876,0.0370382,20,0.506974,-0.244591,0.0288047,21,0.377525,-0.289451,0.031514,22,0.506015,-0.246119,0.0304411,23,0.461971,-0.35319,0.0295956,24,0.491731,-0.299362,0.0413924,25,0.48818,-0.256413,0.0305694,26,0.472398,-0.248906,0.0300651,27,0.453324,-0.2728,0.0428622,28,0.467659,-0.256866,0.0289169,29,0.532311,-0.251868,0.0298392,30,0.500484,-0.271737,0.0312069,31,0.508704,-0.269747,0.0308437,32,0.446004,-0.299381,0.0312331,33,0.489068,-0.361627,0.033135,34,0.38365,-0.255304,0.0305345,35,0.518183,-0.248901,0.0293274,36,0.497158,-0.253977,0.0294434,37,0.464423,-0.283533,0.0309582,38,0.498582,-0.296966,0.0294794,39,0.423011,-0.258652,0.0295863,40,0.472605,-0.248243,0.0299876,41,0.465933,-0.363829,0.0304756,42,0.422343,-0.259945,0.0294858,43,0.490369,-0.257643,0.0291475,44,0.486719,-0.272949,0.0312369,45,0.506387,-0.2645,0.0321635,46,0.514847,-0.24313,0.0301174,47,0.455381,-0.31842,0.0301117,48,0.442227,-0.245931,0.0311158,49,0.522343,-0.29221,0.034343,50,0.521927,-0.357501,0.0324213,51,0.583666,-0.246114,0.0302827,52,0.457215,-0.251099,0.0301401,53,0.51047,-0.352373,0.030603,54,0.464945,-0.253737,0.0335482,55,0.491845,-0.258841,0.0292166,56,0.466304,-0.263203,0.0302847,57,0.462831,-0.242391,0.0300533,58,0.535512,-0.260722,0.030546,59,0.404572,-0.245881,0.0296709,60,0.456916,-0.267519,0.0317498,61,0.551389,-0.288952,0.0410705,62,0.437131,-0.247504,0.0300039,63,0.502027,-0.25399,0.0315879,64,0.513907,-0.292161,0.0302118,65,0.529998,-0.337539,0.0329959,66,0.428849,-0.248332,0.0305233,67,0.50593,-0.243133,0.0296411,68,0.542857,-0.251075,0.0342589,69,0.491054,-0.241941,0.0291558,70,0.40093,-0.240645,0.0306958,71,0.486185,-0.279108,0.0310731,72,0.463244,-0.251662,0.0310211,73,0.617882,-0.252395,0.031496,74,0.454004,-0.30846,0.0294161,75,0.42142,-0.257026,0.0294557,76,0.461617,-0.273627,0.0294853,77,0.519917,-0.280317,0.0333233,78,0.460692,-0.350368,0.0312629,79,0.531078,-0.242834,0.0354235,80,0.52676,-0.316996,0.0308555,81,0.511952,-0.252437,0.0287503,82,0.426896,-0.249726,0.0301115,83,0.559179,-0.263419,0.0364104,84,0.478229,-0.32333,0.0331123,85,0.451991,-0.260196,0.0290276,86,0.503388,-0.266623,0.029499,87,0.503995,-0.267713,0.0290419,88,0.580724,-0.26762,0.0304653,89,0.511899,-0.295555,0.0297109,90,0.456495,-0.264228,0.0346623,91,0.459256,-0.255096,0.0314044,92,0.528744,-0.301441,0.0290824,93,0.534665,-0.242375,0.0316948,94,0.45969,-0.266404,0.0342658,95,0.461785,-0.314801,0.0307435,96,0.689389,-0.278477,0.038196,97,0.505881,-0.309786,0.0301679,98,0.572943,-0.280507,0.0305394,99,0.547594,-0.272343,0.0395835,
generation,66,0,0.441132,-0.257781,0.0314056,1,0.494926,-0.254003,0.031306,2,0.465512,-0.249837,0.0305583,3,0.406655,-0.251397,0.030046,4,0.432404,-0.280494,0.0318897,5,0.467678,-0.248507,0.0319385,6,0.533652,-0.251122,0.0295765,7,0.486142,-0.255724,0.0289106,8,0.522765,-0.242799,0.0295681,9,0.488124,-0.241752,0.0313153,10,0.396612,-0.241342,0.0308681,11,0.476708,-0.245248,0.0298603,12,0.45239,-0.27725,0.0312245,13,0.57217,-0.263249,0.0302374,14,0.518903,-0.265267,0.0307026,15,0.43634,-0.24902,0.0287892,16,0.533309,-0.302409,0.0297396,17,0.528939,-0.242579,0.029087,18,0.541463,-0.284792,0.0305175,19,0.487774,-0.247958,0.0300442,20,0.440592,-0.269279,0.0289752,21,0.489894,-0.254101,0.0289688,22,0.456035,-0.25335,0.0288218,23,0.440952,-0.23978,0.029444,24,0.532632,-0.306261,0.0411469,25,0.535081,-0.286463,0.032142,26,0.435283,-0.245872,0.0301728,27,0.552762,-0.250356,0.0294308,28,0.419772,-0.274401,0.0295146,29,0.568586,-0.260042,0.0290783,30,0.472059,-0.269478,0.0298825,31,0.500101,-0.258672,0.0289959,32,0.514036,-0.249158,0.0300788,33,0.553574,-0.291727,0.0304772,34,0.500983,-0.266494,0.0302573,35,0.585983,-0.270032,0.037988,36,0.510827,-0.248857,0.0300506,37,0.452532,-0.246666,0.029913,38,0.436799,-0.250679,0.030971,39,0.577116,-0.250848,0.0341245,40,0.447,-0.296589,0.0346487,41,0.441603,-0.309691,0.0300357,42,0.357609,-0.24044,0.0302386,43,0.481109,-0.258479,0.0303958,44,0.43431,-0.244222,0.0305801,45,0.553615,-0.264444,0.0362891,46,0.566182,-0.257437,0.030464,47,0.477485,-0.291247,0.0319494,48,0.474686,-0.279838,0.0296262,49,0.481898,-0.256139,0.0295123,50,0.498044,-0.259537,0.0314121,51,0.491045,-0.276091,0.0307462,52,0.418382,-0.264686,0.0314022,53,0.52239,-0.289834,0.0363597,54,0.442553,-0.281574,0.0289995,55,0.500959,-0.307635,0.0310238,56,0.484757,-0.252428,0.0316323,57,0.578669,-0.315395,0.0308893,58,0.441404,-0.28377,0.0287501,59,0.51162,-0.244948,0.0289811,60,0.480167,-0.264529,0.0292644,61,0.582949,-0.250867,0.0335703,62,0.504462,-0.272269,0.0306315,63,0.451508,-0.245263,0.0309021,64,0.482317,-0.262863,0.0287415,65,0.530082,-0.250465,0.0309297,66,0.481875,-0.239407,0.029976,67,0.517306,-0.23883,0.0291651,68,0.527995,-0.268191,0.0353767,69,0.511544,-0.283174,0.0314671,70,0.442082,-0.244022,0.0309354,71,0.451418,-0.240687,0.030512,72,0.512848,-0.25145,0.0289356,73,0.513022,-0.246199,0.0291076,74,0.501899,-0.247409,0.0302126,75,0.452604,-0.243909,0.028962,76,0.414862,-0.279178,0.0314655,77,0.560094,-0.307402,0.0306574,78,0.463863,-0.267259,0.0291479,79,0.51024,-0.259337,0.0321687,80,0.486627,-0.253902,0.0302749,81,0.465432,-0.249272,0.0289529,82,0.463617,-0.279778,0.029126,83,0.485632,-0.253717,0.0288553,84,0.508211,-0.251666,0.0290699,85,0.579935,-0.274201,0.03835,86,0.4922,-0.250202,0.0290074,87,0.415393,-0.260014,0.0317872,88,0.512166,-0.252498,0.0314824,89,0.494628,-0.247101,0.0294709,90,0.558734,-0.309198,0.0333993,91,0.46306,-0.24593,0.0288297,92,0.505363,-0.247061,0.029051,93,0.498487,-0.248993,0.0290584,94,0.553005,-0.248664,0.0326387,95,0.488512,-0.247559,0.0305911,96,0.45729,-0.239712,0.0306704,97,0.514367,-0.242321,0.0293443,98,0.438142,-0.279159,0.0299635,99,0.495406,-0.259917,0.0328543,
generation,67,0,0.520539,-0.272234,0.033693,1,0.442358,-0.254296,0.033898,2,0.48062,-0.25629,0.0297051,3,0.534164,-0.250906,0.0304707,4,0.453362,-0.342165,0.0294851,5,0.472842,-0.250535,0.0288991,6,0.456751,-0.247681,0.0302379,7,0.531356,-0.244578,0.0289409,8,0.403085,-0.282076,0.0300913,9,0.500328,-0.257304,0.0328723,10,0.39774,-0.241555,0.0304937,11,0.439653,-0.255004,0.0301554,12,0.509278,-0.254754,0.0296775,13,0.463888,-0.287203,0.0304537,14,0.476464,-0.25383,0.0298181,15,0.448883,-0.27542,0.0295578,16,0.452846,-0.27433,0.0302665,17,0.505808,-0.239962,0.0325536,18,0.463308,-0.256653,0.0316274,19,0.458421,-0.261868,0.0299367,20,0.492122,-0.253393,0.0289431,21,0.500499,-0.251428,0.0306087,22,0.513568,-0.277356,0.0402526,23,0.462463,-0.266272,0.0303235,24,0.500281,-0.253068,0.0300192,25,0.455569,-0.342014,0.0302518,26,0.464265,-0.256199,0.028961,27,0.500521,-0.245979,0.030448,28,0.486802,-0.251135,0.0294282,29,0.43551,-0.239336,0.0297746,30,0.494706,-0.242839,0.0292019,31,0.541175,-0.299341,0.0404988,32,0.439206,-0.257499,0.0290505,33,0.540323,-0.252414,0.0287993,34,0.494536,-0.267317,0.0293763,35,0.475488,-0.291256,0.0307855,36,0.505289,-0.258728,0.0293326,37,0.454147,-0.262999,0.0292714,38,0.466532,-0.302654,0.0315454,39,0.562176,-0.279862,0.0302831,40,0.508636,-0.239526,0.028998,41,0.471729,-0.309652,0.0301155,42,0.496152,-0.251263,0.028962,43,0.533498,-0.247518,0.0293818,44,0.434684,-0.248839,0.0319666,45,0.493282,-0.28638,0.0293494,46,0.491502,-0.24716,0.0289743,47,0.438752,-0.280329,0.0305133,48,0.459042,-0.258326,0.0307114,49,0.469746,-0.280216,0.0289173,50,0.50382,-0.25537,0.029902,51,0.445546,-0.254677,0.0300822,52,0.412164,-0.276139,0.0344088,53,0.483469,-0.266794,0.0301473,54,0.448736,-0.368928,0.0304413,55,0.468889,-0.271774,0.0317056,56,0.48576,-0.25212,0.0291374,57,0.545992,-0.272323,0.0310651,58,0.481985,-0.253515,0.0291371,59,0.58847,-0.302453,0.0399283,60,0.443088,-0.292513,0.029101,61,0.47975,-0.244952,0.0288,62,0.520979,-0.280359,0.0358437,63,0.452164,-0.247801,0.0410966,64,0.5374,-0.260533,0.0362811,65,0.482225,-0.258483,0.029176,66,0.485912,-0.24454,0.0294339,67,0.508279,-0.255382,0.0301584,68,0.49794,-0.266082,0.0302194,69,0.42207,-0.287045,0.0305105,70,0.466779,-0.263291,0.0313407,71,0.431101,-0.246143,0.0289559,72,0.509409,-0.241378,0.029204,73,0.46401,-0.286265,0.0309821,74,0.451071,-0.244555,0.0291979,75,0.447924,-0.297286,0.0329024,76,0.494947,-0.29053,0.0306836,77,0.500665,-0.243449,0.029718,78,0.489364,-0.255982,0.0330076,79,0.441724,-0.26065,0.0307581,80,0.523392,-0.247755,0.0290438,81,0.452586,-0.273419,0.0297353,82,0.452998,-0.274948,0.031087,83,0.51701,-0.25148,0.0288495,84,0.480064,-0.273428,0.0296189,85,0.628465,-0.247153,0.0305622,86,0.500756,-0.250253,0.0292498,87,0.404366,-0.254382,0.029339,88,0.450472,-0.258084,0.0303439,89,0.560943,-0.258686,0.029682,90,0.505607,-0.311271,0.032539,91,0.477166,-0.28954,0.0309011,92,0.499469,-0.25531,0.0305695,93,0.484387,-0.374821,0.0310513,94,0.665661,-0.246061,0.0333427,95,0.522173,-0.268713,0.0358919,96,0.392385,-0.242782,0.0300576,97,0.505906,-0.281599,0.0291676,98,0.512345,-0.278538,0.0303823,99,0.459634,-0.26983,0.0288569,
generation,68,0,0.475589,-0.246704,0.0288177,1,0.405017,-0.242883,0.029822,2,0.473416,-0.254209,0.0288997,3,0.522041,-0.265689,0.0292335,4,0.48889,-0.26158,0.0292226,5,0.465629,-0.248882,0.0301716,6,0.434047,-0.244914,0.0293331,7,0.493152,-0.268034,0.0292936,8,0.457322,-0.261016,0.0290007,9,0.528388,-0.274796,0.030877,10,0.383346,-0.253993,0.0310264,11,0.462539,-0.251017,0.0303309,12,0.520664,-0.246956,0.0287993,13,0.543264,-0.338183,0.0317001,14,0.547911,-0.243863,0.0306736,15,0.481891,-0.237173,0.034095,16,0.441094,-0.264562,0.0305863,17,0.447244,-0.358404,0.0303278,18,0.604616,-0.294983,0.0302787,19,0.404166,-0.266932,0.0304017,20,0.458572,-0.273576,0.0330661,21,0.525394,-0.253645,0.0307911,22,0.428278,-0.253545,0.0301254,23,0.452207,-0.244528,0.0290199,24,0.478817,-0.245278,0.0287468,25,0.45842,-0.25846,0.031863,26,0.467369,-0.25773,0.0287635,27,0.584813,-0.33174,0.0316511,28,0.554114,-0.252007,0.0400013,29,0.470203,-0.366099,0.030549,30,0.444947,-0.255346,0.0295149,31,0.493637,-0.251099,0.0298431,32,0.509393,-0.246237,0.03155,33,0.504241,-0.250772,0.029402,34,0.496722,-0.245837,0.0287944,35,0.439367,-0.292443,0.0444819,36,0.452151,-0.285573,0.0323688,37,0.43775,-0.259242,0.029595,38,0.481914,-0.239967,0.030524,39,0.455667,-0.250854,0.0307293,40,0.537051,-0.240917,0.030398,41,0.49978,-0.247852,0.0290661,42,0.492327,-0.289552,0.0298778,43,0.491383,-0.279675,0.0305557,44,0.498109,-0.346155,0.0301302,45,0.570706,-0.304705,0.0309919,46,0.51892,-0.313681,0.037364,47,0.530603,-0.28914,0.0305593,48,0.498122,-0.265444,0.0290055,49,0.379763,-0.243623,0.0355639,50,0.45342,-0.243874,0.0290764,51,0.484502,-0.30824,0.0305204,52,0.500134,-0.266295,0.02928,53,0.490162,-0.256014,0.0296105,54,0.45096,-0.271022,0.0305782,55,0.481896,-0.265501,0.0293817,56,0.461153,-0.328823,0.0305321,57,0.467097,-0.267271,0.0297073,58,0.479691,-0.255808,0.0288583,59,0.427132,-0.258783,0.0294278,60,0.461367,-0.247675,0.0302698,61,0.51068,-0.247284,0.0289607,62,0.486282,-0.257021,0.0304892,63,0.513649,-0.254992,0.0291775,64,0.437568,-0.26644,0.0333255,65,0.501742,-0.248325,0.0294543,66,0.43698,-0.270311,0.0307646,67,0.448895,-0.27353,0.0303887,68,0.532147,-0.258822,0.0301594,69,0.558205,-0.24338,0.0308228,70,0.490948,-0.308212,0.030859,71,0.500645,-0.26616,0.029218,72,0.435883,-0.265592,0.0305804,73,0.499458,-0.245106,0.0305895,74,0.494631,-0.287085,0.0312909,75,0.498091,-0.258781,0.0292208,76,0.624028,-0.278712,0.0311351,77,0.561796,-0.26017,0.0340559,78,0.515582,-0.272763,0.0288728,79,0.444065,-0.272597,0.0326553,80,0.481923,-0.255039,0.0307553,81,0.532679,-0.274872,0.0362212,82,0.477148,-0.242163,0.0286928,83,0.429996,-0.282517,0.0318876,84,0.479097,-0.245625,0.0287602,85,0.456836,-0.264165,0.0297754,86,0.515107,-0.240778,0.0292527,87,0.606411,-0.271655,0.0308035,88,0.444828,-0.283714,0.0324722,89,0.433449,-0.27205,0.0305058,90,0.592907,-0.249253,0.0291554,91,0.507024,-0.286566,0.0298297,92,0.420317,-0.257551,0.0311075,93,0.514299,-0.26169,0.0304223,94,0.484767,-0.264801,0.030308,95,0.447936,-0.264523,0.0313488,96,0.489828,-0.253991,0.0292277,97,0.467856,-0.244244,0.0288074,98,0.454289,-0.247067,0.0302255,99,0.423388,-0.268764,0.0308052,
generation,69,0,0.597954,-0.239535,0.0384636,1,0.513872,-0.247907,0.0296587,2,0.493024,-0.246185,0.0294906,3,0.46321,-0.266939,0.0302163,4,0.424063,-0.258949,0.0303221,5,0.43843,-0.247705,0.0304158,6,0.509995,-0.256219,0.0307398,7,0.495416,-0.261968,0.0301044,8,0.501786,-0.242295,0.0288788,9,0.440411,-0.277278,0.0302777,10,0.471216,-0.306474,0.0319772,11,0.531398,-0.330085,0.0305618,12,0.524923,-0.253773,0.0300828,13,0.444462,-0.238684,0.0336535,14,0.57068,-0.275164,0.0424063,15,0.478498,-0.245039,0.028624,16,0.479663,-0.24417,0.0294089,17,0.470524,-0.268157,0.0297418,18,0.432335,-0.307599,0.0329845,19,0.488417,-0.251872,0.0294371,20,0.467967,-0.248504,0.0302867,21,0.465819,-0.25711,0.0308041,22,0.545575,-0.333194,0.0302043,23,0.481536,-0.2589,0.0298493,24,0.470121,-0.252503,0.0310448,25,0.468747,-0.250103,0.0292163,26,0.504971,-0.252495,0.0299301,27,0.505099,-0.256252,0.0290182,28,0.577751,-0.330586,0.034513,29,0.489598,-0.30467,0.0294127,30,0.576326,-0.26611,0.0380046,31,0.511895,-0.334274,0.0302298,32,0.465442,-0.255544,0.0288042,33,0.456304,-0.238412,0.0303336,34,0.421099,-0.239514,0.028927,35,0.563203,-0.261347,0.0303127,36,0.476022,-0.252641,0.0302101,37,0.473996,-0.244544,0.0292602,38,0.478454,-0.264443,0.0297086,39,0.46984,-0.26209,0.0297246,40,0.509127,-0.252046,0.0291716,41,0.507695,-0.251177,0.0310149,42,0.455747,-0.293519,0.0306795,43,0.460153,-0.263918,0.0307117,44,0.506323,-0.293419,0.0304177,45,0.463058,-0.262209,0.0289185,46,0.490006,-0.257097,0.0298518,47,0.502193,-0.26984,0.0305727,48,0.496762,-0.316292,0.0301894,49,0.466663,-0.244746,0.0298803,50,0.526345,-0.246249,0.0324315,51,0.473133,-0.271726,0.0290646,52,0.545968,-0.265222,0.0294837,53,0.468065,-0.251688,0.0304623,54,0.513381,-0.258724,0.0391695,55,0.490674,-0.28326,0.0354851,56,0.519432,-0.329316,0.0333485,57,0.418323,-0.247318,0.0301225,58,0.458622,-0.245223,0.030917,59,0.496893,-0.262616,0.0287302,60,0.455736,-0.250973,0.0297917,61,0.507198,-0.246473,0.0300486,62,0.524557,-0.246376,0.0292516,63,0.506163,-0.238853,0.0302087,64,0.508435,-0.245532,0.0314381,65,0.471792,-0.2444,0.0306146,66,0.481286,-0.25821,0.0340268,67,0.470425,-0.334773,0.0316524,68,0.523116,-0.243174,0.0299789,69,0.452502,-0.258719,0.0293133,70,0.574475,-0.266504,0.0344653,71,0.469292,-0.249743,0.0288509,72,0.490864,-0.246358,0.0288042,73,0.437097,-0.242167,0.0298145,74,0.505196,-0.293573,0.0288179,75,0.474127,-0.258319,0.0312546,76,0.438294,-0.245276,0.0300185,77,0.418441,-0.254776,0.0304309,78,0.507863,-0.270715,0.031935,79,0.427648,-0.389007,0.0302153,80,0.443947,-0.239294,0.0301531,81,0.486088,-0.243363,0.0288453,82,0.463705,-0.251017,0.0288617,83,0.509174,-0.278818,0.0337013,84,0.528291,-0.255002,0.0298387,85,0.421818,-0.293175,0.0290488,86,0.461967,-0.264812,0.03078,87,0.483172,-0.260914,0.0287991,88,0.473979,-0.247435,0.0287554,89,0.491785,-0.243258,0.0295953,90,0.515655,-0.278021,0.0300674,91,0.517466,-0.236442,0.0300716,92,0.495515,-0.253093,0.0288857,93,0.534622,-0.27187,0.0340198,94,0.482643,-0.237588,0.029909,95,0.498013,-0.265885,0.0312786,96,0.427348,-0.254427,0.0301614,97,0.500389,-0.266834,0.0307253,98,0.535331,-0.260742,0.0309095,99,0.467208,-0.261204,0.0290109,
generation,70,0,0.467641,-0.269927,0.0295004,1,0.460495,-0.272412,0.0306425,2,0.609885,-0.239787,0.0304222,3,0.485464,-0.254475,0.0296799,4,0.47715,-0.250591,0.030321,5,0.619381,-0.239312,0.0319521,6,0.46226,-0.253676,0.0287624,7,0.508145,-0.244956,0.0290957,8,0.537279,-0.240028,0.0304634,9,0.496154,-0.252076,0.0295574,10,0.470685,-0.245997,0.0291371,11,0.471403,-0.249556,0.028768,12,0.485149,-0.313453,0.0296024,13,0.49908,-0.298067,0.0301674,14,0.466783,-0.242825,0.0305613,15,0.585619,-0.273477,0.0314809,16,0.455052,-0.249458,0.0288525,17,0.472811,-0.367312,0.031366,18,0.473247,-0.269684,0.0308755,19,0.458421,-0.333178,0.029585,20,0.448256,-0.27259,0.0311055,21,0.42891,-0.250877,0.0302988,22,0.468644,-0.252676,0.0314769,23,0.509806,-0.267543,0.0291066,24,0.477336,-0.283172,0.0314562,25,0.44061,-0.287734,0.0324513,26,0.490835,-0.253443,0.0292433,27,0.48902,-0.263672,0.0390189,28,0.458593,-0.266626,0.0289956,29,0.490108,-0.253039,0.0317822,30,0.466493,-0.249418,0.0306369,31,0.527918,-0.342719,0.0309693,32,0.505067,-0.255613,0.0293657,33,0.46187,-0.252294,0.0316173,34,0.449953,-0.242348,0.0300643,35,0.464926,-0.257073,0.0298947,36,0.54904,-0.278973,0.034487,37,0.494949,-0.261606,0.0307779,38,0.438821,-0.275903,0.0288851,39,0.498939,-0.259393,0.0305651,40,0.424499,-0.268776,0.0303726,41,0.492318,-0.256463,0.0327346,42,0.470408,-0.265282,0.029851,43,0.61353,-0.271899,0.042321,44,0.492804,-0.327819,0.0300135,45,0.50807,-0.25417,0.0300444,46,0.494909,-0.278788,0.0308304,47,0.51107,-0.243833,0.0292327,48,0.455235,-0.245399,0.0300066,49,0.475003,-0.243345,0.0360345,50,0.468883,-0.312378,0.0304502,51,0.513588,-0.312523,0.0422851,52,0.432891,-0.271079,0.0291026,53,0.513998,-0.351263,0.0309595,54,0.54239,-0.258269,0.035405,55,0.477832,-0.245089,0.0301527,56,0.441215,-0.25218,0.0301342,57,0.463872,-0.244002,0.0296017,58,0.488885,-0.265399,0.0292828,59,0.550688,-0.242375,0.0321804,60,0.467943,-0.243272,0.0308862,61,0.433695,-0.275002,0.029902,62,0.464432,-0.316705,0.0305137,63,0.529164,-0.300474,0.0309977,64,0.511344,-0.253085,0.0311371,65,0.500684,-0.255451,0.0300165,66,0.502174,-0.258874,0.0325251,67,0.639969,-0.28343,0.0314222,68,0.460072,-0.247285,0.0301585,69,0.52655,-0.281155,0.0364802,70,0.484606,-0.252959,0.0301123,71,0.475611,-0.244061,0.0295986,72,0.464706,-0.24837,0.0335568,73,0.488858,-0.309462,0.0302965,74,0.479042,-0.294891,0.0318585,75,0.552091,-0.289504,0.0351272,76,0.430875,-0.24838,0.0308993,77,0.495035,-0.261533,0.0290204,78,0.52511,-0.243562,0.0291057,79,0.474031,-0.247036,0.0289352,80,0.456203,-0.269957,0.0393059,81,0.48959,-0.264228,0.0296024,82,0.488331,-0.255142,0.0300108,83,0.539513,-0.247156,0.0316918,84,0.473753,-0.324931,0.0296161,85,0.468236,-0.264155,0.0289504,86,0.496954,-0.254831,0.029753,87,0.508422,-0.249965,0.0289334,88,0.456734,-0.244388,0.0293455,89,0.588941,-0.266382,0.029902,90,0.45549,-0.310007,0.0303882,91,0.547097,-0.352206,0.0307673,92,0.448077,-0.241881,0.0305569,93,0.509996,-0.241907,0.028915,94,0.41798,-0.264438,0.0322489,95,0.484417,-0.244085,0.0311249,96,0.458517,-0.243941,0.0297302,97,0.440806,-0.252563,0.0308975,98,0.500695,-0.284566,0.0316384,99,0.434884,-0.24525,0.0309843,
generation,71,0,0.451727,-0.26646,0.0388817,1,0.428094,-0.326145,0.0301911,2,0.445029,-0.271675,0.0297112,3,0.3832,-0.242038,0.0304388,4,0.487908,-0.369774,0.0308284,5,0.45813,-0.270154,0.0292084,6,0.438364,-0.239345,0.0304231,7,0.469373,-0.244804,0.0321564,8,0.467965,-0.252369,0.0312005,9,0.48068,-0.33914,0.0405341,10,0.449288,-0.358819,0.0336558,11,0.478743,-0.246382,0.0309221,12,0.491178,-0.257577,0.0308899,13,0.512889,-0.258336,0.0308359,14,0.499954,-0.257533,0.0310642,15,0.639002,-0.294394,0.0316764,16,0.501129,-0.252869,0.0304739,17,0.452999,-0.285098,0.029468,18,0.504948,-0.242176,0.0292582,19,0.507393,-0.263462,0.0299342,20,0.506723,-0.243377,0.0295436,21,0.428071,-0.284705,0.0288515,22,0.468709,-0.251038,0.0305991,23,0.526043,-0.244888,0.0329357,24,0.450314,-0.24606,0.0302855,25,0.470957,-0.243659,0.028834,26,0.450008,-0.358163,0.0331864,27,0.490158,-0.245755,0.0289043,28,0.496403,-0.250107,0.0292179,29,0.475201,-0.250706,0.029095,30,0.49743,-0.263743,0.0346219,31,0.621292,-0.257044,0.0338291,32,0.431353,-0.237466,0.0300127,33,0.454472,-0.252774,0.0308193,34,0.443743,-0.261113,0.028975,35,0.490572,-0.27195,0.030162,36,0.428144,-0.243937,0.0297723,37,0.466989,-0.257181,0.0290091,38,0.472491,-0.250935,0.0301759,39,0.40026,-0.244194,0.0301504,40,0.494227,-0.252016,0.0390269,41,0.462695,-0.260527,0.0289588,42,0.492153,-0.276109,0.0309054,43,0.513061,-0.256943,0.0304591,44,0.529805,-0.264864,0.0331542,45,0.481024,-0.279289,0.0308587,46,0.557056,-0.264102,0.0333095,47,0.478247,-0.297797,0.0347728,48,0.462997,-0.294724,0.0301457,49,0.49216,-0.252352,0.0308465,50,0.527472,-0.26203,0.0384535,51,0.459023,-0.261609,0.0303067,52,0.477448,-0.248417,0.0296745,53,0.460972,-0.267662,0.0306287,54,0.458701,-0.263875,0.0311847,55,0.474642,-0.34341,0.0303074,56,0.43378,-0.244604,0.0304332,57,0.535363,-0.249162,0.030223,58,0.538155,-0.244687,0.0337718,59,0.50584,-0.249754,0.0288523,60,0.486632,-0.271931,0.0289071,61,0.496184,-0.247013,0.029216,62,0.405944,-0.258796,0.0303262,63,0.487281,-0.248548,0.0309024,64,0.501004,-0.293876,0.0299009,65,0.550803,-0.239806,0.0314744,66,0.498648,-0.359378,0.0303984,67,0.484879,-0.31751,0.0315191,68,0.470573,-0.292954,0.029574,69,0.572488,-0.314815,0.0302796,70,0.492808,-0.277856,0.0432517,71,0.507118,-0.263078,0.0295831,72,0.633677,-0.281863,0.0433797,73,0.478778,-0.247784,0.0295802,74,0.515978,-0.24831,0.0345591,75,0.476271,-0.245714,0.0295949,76,0.457627,-0.259041,0.0309587,77,0.46173,-0.252825,0.029302,78,0.470869,-0.257755,0.0298591,79,0.452348,-0.258215,0.0289161,80,0.499831,-0.34908,0.0298432,81,0.553711,-0.28644,0.0306297,82,0.469324,-0.248343,0.0308648,83,0.437299,-0.306334,0.0339202,84,0.487039,-0.251504,0.029062,85,0.478483,-0.242952,0.0324153,86,0.473347,-0.250465,0.0302026,87,0.508547,-0.252775,0.0301081,88,0.500221,-0.243908,0.0295702,89,0.488651,-0.293766,0.0289192,90,0.481439,-0.24144,0.0303633,91,0.518909,-0.245459,0.0295369,92,0.468048,-0.270381,0.0301113,93,0.488894,-0.259428,0.0292511,94,0.471676,-0.247986,0.028741,95,0.46128,-0.268475,0.0299982,96,0.487607,-0.246941,0.0308603,97,0.459433,-0.246159,0.0294778,98,0.467726,-0.253983,0.0302444,99,0.463217,-0.250688,0.0448563,
generation,72,0,0.538923,-0.268877,0.0380177,1,0.424448,-0.260165,0.0288148,2,0.558337,-0.244829,0.0298328,3,0.45601,-0.355873,0.0296842,4,0.572137,-0.26068,0.0363203,5,0.531797,-0.253141,0.0410842,6,0.492243,-0.253187,0.0303285,7,0.46963,-0.245347,0.0290888,8,0.514655,-0.38162,0.0302244,9,0.431854,-0.29852,0.0297327,10,0.470826,-0.253989,0.0290795,11,0.506031,-0.255261,0.0291673,12,0.43326,-0.245623,0.0287976,13,0.463076,-0.242771,0.0310251,14,0.459825,-0.269586,0.0295288,15,0.580113,-0.280369,0.0319474,16,0.531979,-0.24749,0.0305935,17,0.462319,-0.278904,0.0333356,18,0.542256,-0.24695,0.0299497,19,0.542772,-0.334155,0.0302038,20,0.484711,-0.266591,0.0288755,21,0.44423,-0.251387,0.0306331,22,0.453465,-0.25431,0.0294426,23,0.424402,-0.245214,0.029911,24,0.495339,-0.246598,0.0297025,25,0.461343,-0.293478,0.0371302,26,0.492177,-0.251171,0.0291357,27,0.480096,-0.307994,0.0307998,28,0.460648,-0.325065,0.0317594,29,0.481929,-0.248706,0.0288779,30,0.404064,-0.241095,0.0298942,31,0.508425,-0.35996,0.0304692,32,0.412225,-0.242424,0.0305606,33,0.477896,-0.281436,0.0308785,34,0.432617,-0.259053,0.0314325,35,0.45759,-0.261695,0.0289413,36,0.471931,-0.248579,0.0290525,37,0.446732,-0.283014,0.0310904,38,0.515684,-0.245334,0.0330365,39,0.54032,-0.281383,0.0365087,40,0.530258,-0.246387,0.0295992,41,0.535015,-0.261109,0.0310407,42,0.477377,-0.281241,0.0352113,43,0.537747,-0.254769,0.0308351,44,0.438351,-0.260651,0.0299426,45,0.475195,-0.241995,0.0301793,46,0.478507,-0.278304,0.0296464,47,0.452755,-0.264999,0.0287283,48,0.557345,-0.297817,0.0308415,49,0.451693,-0.322942,0.0302355,50,0.459289,-0.259568,0.0291031,51,0.387868,-0.272881,0.0308073,52,0.496555,-0.280599,0.0430438,53,0.493965,-0.249347,0.03033,54,0.485345,-0.26053,0.034257,55,0.480875,-0.27217,0.0288231,56,0.463037,-0.306678,0.0361826,57,0.472523,-0.309366,0.0303421,58,0.47838,-0.24361,0.0287038,59,0.433115,-0.245208,0.0317108,60,0.574999,-0.270123,0.0307403,61,0.514309,-0.322278,0.0304079,62,0.491623,-0.247572,0.0303637,63,0.503805,-0.302675,0.0360359,64,0.473485,-0.266974,0.0306731,65,0.56078,-0.240921,0.0319382,66,0.551286,-0.342202,0.0309935,67,0.527465,-0.286751,0.0301527,68,0.475925,-0.246503,0.0291933,69,0.49257,-0.253138,0.0298151,70,0.446132,-0.302326,0.0290231,71,0.450062,-0.257263,0.0288318,72,0.43667,-0.262143,0.0298987,73,0.480209,-0.281542,0.0294482,74,0.428372,-0.292094,0.0295863,75,0.441245,-0.255331,0.0297902,76,0.57639,-0.258453,0.0434204,77,0.447242,-0.263055,0.0311131,78,0.532447,-0.239737,0.0312699,79,0.428361,-0.254277,0.0290408,80,0.617829,-0.255015,0.0324188,81,0.428065,-0.312023,0.0338051,82,0.437491,-0.243846,0.0300603,83,0.485352,-0.287138,0.0307993,84,0.478271,-0.267887,0.0297585,85,0.443861,-0.258043,0.0297688,86,0.48786,-0.254914,0.0306007,87,0.560022,-0.263036,0.0338933,88,0.425569,-0.245171,0.0304406,89,0.475695,-0.247114,0.0289787,90,0.464076,-0.253362,0.029712,91,0.514291,-0.247401,0.030107,92,0.497792,-0.245954,0.0288715,93,0.428437,-0.267255,0.02873,94,0.547488,-0.262176,0.0364113,95,0.492625,-0.261668,0.0299789,96,0.463208,-0.296769,0.0306168,97,0.455483,-0.249644,0.0341889,98,0.509844,-0.243904,0.0304858,99,0.467344,-0.317405,0.0306215,
generation,73,0,0.533908,-0.261998,0.0316741,1,0.469495,-0.350253,0.0299166,2,0.507562,-0.249041,0.0304812,3,0.511118,-0.273604,0.0293077,4,0.43807,-0.244455,0.0303931,5,0.485264,-0.249398,0.0292261,6,0.555423,-0.277914,0.0375091,7,0.424047,-0.258443,0.0296693,8,0.527102,-0.249323,0.0365657,9,0.472731,-0.243174,0.0298603,10,0.512508,-0.244408,0.0293122,11,0.451706,-0.265135,0.0288269,12,0.542089,-0.32345,0.0340572,13,0.468208,-0.290802,0.0299031,14,0.431447,-0.287269,0.0291441,15,0.577536,-0.254913,0.0307434,16,0.499905,-0.253376,0.0331941,17,0.566276,-0.309434,0.0326647,18,0.492726,-0.269051,0.0297988,19,0.487668,-0.249597,0.035613,20,0.511043,-0.244776,0.0289191,21,0.485141,-0.276835,0.0304244,22,0.506227,-0.265434,0.034066,23,0.557125,-0.25101,0.0317229,24,0.513725,-0.246002,0.0303556,25,0.483772,-0.249899,0.0293827,26,0.472828,-0.268589,0.0332334,27,0.510009,-0.311453,0.0312325,28,0.438193,-0.24394,0.0296099,29,0.446961,-0.26125,0.0289536,30,0.507247,-0.25299,0.0366377,31,0.386729,-0.25366,0.0310018,32,0.484667,-0.246826,0.0308287,33,0.453126,-0.250376,0.0332159,34,0.419574,-0.282728,0.0323838,35,0.469018,-0.317579,0.0305082,36,0.458175,-0.289595,0.0308236,37,0.453786,-0.26024,0.0290865,38,0.549776,-0.254573,0.0345779,39,0.472187,-0.268184,0.0296021,40,0.527595,-0.278084,0.0290158,41,0.52173,-0.24499,0.0290239,42,0.490379,-0.254033,0.0301839,43,0.513085,-0.259348,0.0303151,44,0.486947,-0.257841,0.0293705,45,0.471526,-0.296625,0.0303905,46,0.46781,-0.262123,0.0296074,47,0.477289,-0.361055,0.0305947,48,0.493298,-0.260331,0.0331723,49,0.491221,-0.30944,0.0304977,50,0.553241,-0.24809,0.0318189,51,0.46065,-0.245017,0.0303624,52,0.53832,-0.282286,0.0293514,53,0.485363,-0.280248,0.0296227,54,0.448806,-0.25187,0.0288673,55,0.501485,-0.258286,0.0295302,56,0.526729,-0.255394,0.0396946,57,0.516065,-0.263613,0.0304768,58,0.47773,-0.294676,0.0300533,59,0.58628,-0.326565,0.0439888,60,0.436755,-0.241271,0.0288886,61,0.466705,-0.255188,0.0304495,62,0.498313,-0.285941,0.0294274,63,0.474426,-0.303387,0.0301309,64,0.526043,-0.304274,0.0326417,65,0.409889,-0.256307,0.0293187,66,0.521395,-0.283446,0.0297519,67,0.51071,-0.239911,0.0293628,68,0.454855,-0.280001,0.0302598,69,0.449839,-0.308712,0.0304017,70,0.485836,-0.254648,0.0286468,71,0.487573,-0.300014,0.0296189,72,0.425106,-0.292039,0.0405738,73,0.480172,-0.272835,0.0295228,74,0.466654,-0.258964,0.0334932,75,0.525094,-0.257388,0.0301863,76,0.518855,-0.245476,0.0289988,77,0.46141,-0.318081,0.0297966,78,0.584831,-0.257382,0.0331276,79,0.389832,-0.23988,0.0309475,80,0.529923,-0.259952,0.0346984,81,0.459341,-0.271922,0.0302258,82,0.465321,-0.244609,0.0300275,83,0.488509,-0.247731,0.0291919,84,0.497888,-0.325405,0.0306345,85,0.485888,-0.363333,0.0304342,86,0.436557,-0.245273,0.0315435,87,0.466134,-0.241579,0.0294216,88,0.458424,-0.279173,0.029407,89,0.46528,-0.293635,0.029725,90,0.466992,-0.260446,0.0343842,91,0.544624,-0.360737,0.0308863,92,0.455237,-0.283689,0.0298959,93,0.470297,-0.33623,0.0317364,94,0.515129,-0.267753,0.0305439,95,0.468928,-0.257184,0.02949,96,0.410189,-0.24426,0.0309202,97,0.420979,-0.251644,0.0298372,98,0.438863,-0.265837,0.0305644,99,0.521897,-0.248618,0.0432752,
generation,74,0,0.470587,-0.24613,0.0297488,1,0.505672,-0.248168,0.0335003,2,0.436957,-0.254902,0.0291631,3,0.512327,-0.25179,0.0404281,4,0.476885,-0.243303,0.0305777,5,0.573426,-0.245622,0.0315788,6,0.520296,-0.286159,0.031499,7,0.654608,-0.241259,0.0306849,8,0.509165,-0.304511,0.0296782,9,0.464591,-0.24583,0.0306788,10,0.452927,-0.246455,0.029462,11,0.4696,-0.245633,0.0306988,12,0.493855,-0.266111,0.030492,13,0.480795,-0.27013,0.0291223,14,0.53199,-0.24566,0.0304258,15,0.427737,-0.271147,0.030827,16,0.459706,-0.372969,0.0308268,17,0.448136,-0.256984,0.0287154,18,0.508363,-0.253128,0.0291956,19,0.475585,-0.349571,0.0316345,20,0.416433,-0.282108,0.031879,21,0.501986,-0.241603,0.0375074,22,0.50133,-0.245402,0.0290179,23,0.463264,-0.246282,0.029372,24,0.498225,-0.299522,0.0311576,25,0.434126,-0.254418,0.0301506,26,0.463261,-0.255568,0.0356291,27,0.476291,-0.28715,0.029491,28,0.58724,-0.262844,0.0443681,29,0.562703,-0.301809,0.0291598,30,0.50141,-0.240908,0.0299305,31,0.473888,-0.392601,0.0296034,32,0.476532,-0.270593,0.0305412,33,0.470668,-0.27939,0.0286284,34,0.493826,-0.258503,0.0293206,35,0.445796,-0.238358,0.0303572,36,0.496925,-0.264089,0.029493,37,0.578827,-0.247373,0.0302606,38,0.452687,-0.268398,0.029376,39,0.484968,-0.25612,0.0292951,40,0.494224,-0.242277,0.0289288,41,0.504886,-0.288854,0.0394807,42,0.436407,-0.244362,0.0287083,43,0.550607,-0.258235,0.0324134,44,0.459949,-0.264317,0.0323332,45,0.503054,-0.356788,0.030176,46,0.446786,-0.265809,0.0297635,47,0.532949,-0.274468,0.0317021,48,0.431585,-0.287155,0.0291494,49,0.530468,-0.24225,0.0308071,50,0.426788,-0.268498,0.0306361,51,0.479998,-0.277603,0.0303125,52,0.432493,-0.333568,0.0298519,53,0.501483,-0.260245,0.0307418,54,0.474748,-0.265724,0.0299637,55,0.488562,-0.273788,0.0288833,56,0.51343,-0.252223,0.0308834,57,0.438885,-0.266183,0.0305416,58,0.476735,-0.247859,0.0286695,59,0.534887,-0.280365,0.0309129,60,0.435505,-0.327047,0.03001,61,0.452177,-0.27312,0.0396187,62,0.520767,-0.244146,0.0328716,63,0.512903,-0.250124,0.0290065,64,0.446994,-0.281902,0.0300319,65,0.453176,-0.268926,0.0305906,66,0.53531,-0.246597,0.0305964,67,0.444579,-0.263999,0.0321233,68,0.507903,-0.294677,0.0289135,69,0.484163,-0.326885,0.032771,70,0.48811,-0.249161,0.0287668,71,0.468272,-0.2545,0.0299824,72,0.493037,-0.258705,0.0289373,73,0.386946,-0.291508,0.0305027,74,0.479622,-0.257619,0.0310715,75,0.490298,-0.256063,0.0322973,76,0.445242,-0.25019,0.0305014,77,0.465363,-0.263143,0.034243,78,0.49833,-0.264708,0.0303329,79,0.485144,-0.273147,0.0302711,80,0.474356,-0.248507,0.0288598,81,0.473174,-0.259973,0.0307197,82,0.539773,-0.272432,0.030853,83,0.42665,-0.247845,0.0299427,84,0.445991,-0.318493,0.030203,85,0.446838,-0.248252,0.0299859,86,0.426919,-0.253187,0.0305448,87,0.506772,-0.240069,0.0342512,88,0.454947,-0.367457,0.0304524,89,0.495149,-0.251222,0.0287642,90,0.436884,-0.24599,0.0299868,91,0.505928,-0.340684,0.030658,92,0.469878,-0.260245,0.030529,93,0.568726,-0.261663,0.0336993,94,0.44931,-0.244195,0.0312029,95,0.466954,-0.291396,0.029603,96,0.466703,-0.358346,0.0304692,97,0.510154,-0.259597,0.0296553,98,0.466332,-0.308056,0.0304621,99,0.631486,-0.244265,0.0327437,
generation,75,0,0.491278,-0.28265,0.0309423,1,0.452327,-0.270108,0.0295326,2,0.466867,-0.24953,0.0303855,3,0.477357,-0.247664,0.0302442,4,0.484745,-0.24905,0.0301003,5,0.534549,-0.261818,0.0413112,6,0.460132,-0.260843,0.0289813,7,0.505982,-0.304695,0.0326558,8,0.518874,-0.244655,0.0290713,9,0.507703,-0.267964,0.0320202,10,0.53137,-0.253957,0.0307097,11,0.502737,-0.243895,0.0287206,12,0.472313,-0.247847,0.0318323,13,0.454659,-0.271002,0.0300448,14,0.392056,-0.255552,0.0296933,15,0.450061,-0.306532,0.0309781,16,0.525933,-0.264023,0.0337488,17,0.566502,-0.316301,0.0314026,18,0.485866,-0.259441,0.0329633,19,0.503508,-0.308758,0.0304398,20,0.530941,-0.27615,0.0298331,21,0.475214,-0.241085,0.029118,22,0.387396,-0.265746,0.0300264,23,0.477943,-0.245001,0.0291615,24,0.558444,-0.257749,0.0303939,25,0.407799,-0.316402,0.0294271,26,0.523328,-0.24282,0.0324935,27,0.415295,-0.249342,0.0316773,28,0.51218,-0.279993,0.0296145,29,0.459272,-0.270266,0.0293005,30,0.499781,-0.261624,0.0346157,31,0.465501,-0.2411,0.0287745,32,0.455361,-0.267891,0.0292183,33,0.448846,-0.240272,0.0306631,34,0.472775,-0.255069,0.0295633,35,0.452038,-0.290965,0.0366153,36,0.438279,-0.242846,0.0297014,37,0.480254,-0.24518,0.0287331,38,0.403614,-0.26377,0.0298797,39,0.449367,-0.23801,0.0306135,40,0.512257,-0.27027,0.0312776,41,0.465133,-0.240857,0.0362739,42,0.465102,-0.264359,0.0315966,43,0.451882,-0.273201,0.03081,44,0.491529,-0.241869,0.0293661,45,0.433765,-0.247689,0.0315317,46,0.509124,-0.253573,0.0306453,47,0.662092,-0.249107,0.0295623,48,0.561597,-0.287028,0.0415775,49,0.465251,-0.246068,0.0301856,50,0.487921,-0.277874,0.0304411,51,0.505513,-0.271942,0.0288648,52,0.478881,-0.270765,0.0288926,53,0.460973,-0.264334,0.028918,54,0.505921,-0.248363,0.0290704,55,0.47558,-0.250143,0.0294578,56,0.612586,-0.255216,0.0316691,57,0.467245,-0.256377,0.0293511,58,0.567597,-0.29919,0.0307454,59,0.4908,-0.270589,0.0294261,60,0.55788,-0.27286,0.029786,61,0.443048,-0.253873,0.0308575,62,0.517086,-0.2515,0.0295798,63,0.424598,-0.303903,0.0301858,64,0.470513,-0.242615,0.0292455,65,0.483258,-0.247398,0.0296904,66,0.506419,-0.265042,0.0304006,67,0.377552,-0.242323,0.0303338,68,0.485045,-0.256336,0.0292297,69,0.545576,-0.259806,0.0288883,70,0.454412,-0.264203,0.0300001,71,0.464291,-0.264677,0.0300352,72,0.453679,-0.245856,0.0299976,73,0.531173,-0.261938,0.0305182,74,0.547356,-0.315988,0.0298602,75,0.453645,-0.253076,0.0287391,76,0.480322,-0.240783,0.0294473,77,0.513588,-0.257264,0.0298925,78,0.497238,-0.316262,0.0292253,79,0.407963,-0.257063,0.0304042,80,0.542058,-0.266912,0.0320319,81,0.542529,-0.329173,0.0286856,82,0.460819,-0.264988,0.0306464,83,0.455732,-0.268681,0.0288078,84,0.4258,-0.267798,0.0289026,85,0.487907,-0.240513,0.0288404,86,0.491895,-0.258799,0.0289544,87,0.494751,-0.237326,0.0297372,88,0.609706,-0.383758,0.0291297,89,0.57107,-0.253995,0.0384259,90,0.501931,-0.260477,0.0295508,91,0.533515,-0.253261,0.0297238,92,0.397228,-0.242335,0.031498,93,0.451579,-0.273847,0.0323481,94,0.441154,-0.264946,0.0309629,95,0.338949,-0.23075,0.0294871,96,0.466775,-0.296106,0.0316566,97,0.42881,-0.349737,0.0348474,98,0.54544,-0.274344,0.0305422,99,0.472349,-0.252975,0.0291059,
generation,76,0,0.437317,-0.271832,0.0293569,1,0.427197,-0.286005,0.0332368,2,0.444428,-0.266827,0.0295603,3,0.437604,-0.240884,0.0289481,4,0.494484,-0.253504,0.0291663,5,0.465279,-0.244812,0.02988,6,0.455246,-0.267508,0.029276,7,0.495959,-0.242816,0.0289763,8,0.554153,-0.304865,0.0315057,9,0.463369,-0.241635,0.0290861,10,0.442334,-0.249711,0.0291239,11,0.476051,-0.276335,0.0320312,12,0.476985,-0.244127,0.0302339,13,0.446192,-0.282259,0.0296174,14,0.463112,-0.251164,0.0300401,15,0.440594,-0.25424,0.0332021,16,0.498511,-0.251624,0.0287709,17,0.54894,-0.250421,0.0396874,18,0.48835,-0.254967,0.0289247,19,0.488341,-0.249046,0.029098,20,0.439768,-0.268774,0.0301129,21,0.458712,-0.365904,0.0315978,22,0.526431,-0.273322,0.0330433,23,0.45391,-0.243592,0.0306165,24,0.538599,-0.246954,0.0311141,25,0.501038,-0.261351,0.0310085,26,0.546775,-0.269949,0.0309431,27,0.467421,-0.271226,0.0300822,28,0.488676,-0.285316,0.0295037,29,0.488975,-0.36195,0.0304396,30,0.449194,-0.253853,0.0303643,31,0.473633,-0.243437,0.0287712,32,0.432685,-0.254579,0.0306591,33,0.485169,-0.248872,0.0298361,34,0.476489,-0.248464,0.0289918,35,0.500969,-0.248651,0.0299879,36,0.51127,-0.254035,0.0312921,37,0.50198,-0.246991,0.0292787,38,0.459879,-0.261842,0.0288594,39,0.420231,-0.257749,0.0308591,40,0.485411,-0.269999,0.0294928,41,0.474411,-0.239293,0.0291838,42,0.466552,-0.263075,0.0290302,43,0.476385,-0.24702,0.0303594,44,0.51284,-0.245712,0.0292006,45,0.50826,-0.260928,0.0289425,46,0.478728,-0.32439,0.031685,47,0.433536,-0.251717,0.0344164,48,0.456131,-0.242373,0.0316354,49,0.582204,-0.256578,0.029596,50,0.451669,-0.239873,0.0288244,51,0.458352,-0.257583,0.0296119,52,0.523281,-0.24153,0.0291133,53,0.542897,-0.391396,0.0310435,54,0.460044,-0.292046,0.0290731,55,0.482895,-0.255894,0.0290137,56,0.502715,-0.264605,0.0304119,57,0.544608,-0.322556,0.0300203,58,0.504326,-0.253735,0.0290871,59,0.494755,-0.331751,0.0306674,60,0.454372,-0.262507,0.0286918,61,0.483943,-0.261584,0.0296042,62,0.523629,-0.252998,0.0313052,63,0.553073,-0.25204,0.0299957,64,0.440969,-0.336508,0.0307637,65,0.480807,-0.260629,0.029534,66,0.457189,-0.364033,0.0291043,67,0.520456,-0.35301,0.0312894,68,0.452816,-0.249376,0.0290203,69,0.50389,-0.252268,0.0295692,70,0.422333,-0.261798,0.0351787,71,0.470372,-0.256104,0.0289085,72,0.514844,-0.277509,0.0300788,73,0.513392,-0.332625,0.0289239,74,0.502123,-0.272693,0.0294193,75,0.43076,-0.260473,0.0288593,76,0.545639,-0.2744,0.0323955,77,0.468895,-0.259587,0.0286717,78,0.455276,-0.297139,0.029233,79,0.479942,-0.243535,0.0286381,80,0.550888,-0.247438,0.0296259,81,0.37868,-0.239682,0.0302884,82,0.48577,-0.279752,0.0292102,83,0.477107,-0.248316,0.0288206,84,0.466214,-0.244938,0.0287151,85,0.459596,-0.302411,0.0296699,86,0.45095,-0.254853,0.0304542,87,0.470134,-0.252835,0.0323778,88,0.460302,-0.251618,0.0307859,89,0.548197,-0.240406,0.0306218,90,0.441419,-0.256741,0.0291656,91,0.436644,-0.245041,0.0302212,92,0.504307,-0.253511,0.0298432,93,0.476842,-0.38292,0.0292118,94,0.474363,-0.275863,0.028928,95,0.457474,-0.271013,0.0288002,96,0.470842,-0.251439,0.0294946,97,0.419129,-0.251657,0.0306231,98,0.52429,-0.243978,0.0343962,99,0.45805,-0.289952,0.0304123,
generation,77,0,0.472001,-0.248328,0.0287641,1,0.549532,-0.257774,0.0331268,2,0.51718,-0.248953,0.0302173,3,0.455356,-0.250976,0.0298814,4,0.479753,-0.246963,0.0302536,5,0.449829,-0.278001,0.0287011,6,0.390319,-0.271469,0.0321885,7,0.438183,-0.273623,0.0287733,8,0.471855,-0.246873,0.0303581,9,0.496909,-0.244014,0.0288343,10,0.456774,-0.263132,0.0308629,11,0.487736,-0.296635,0.0302382,12,0.567608,-0.327083,0.042993,13,0.468098,-0.251133,0.0302069,14,0.499797,-0.271702,0.0288435,15,0.504827,-0.255866,0.0288063,16,0.485196,-0.3753,0.0313045,17,0.444631,-0.260704,0.0307514,18,0.465609,-0.262952,0.0302981,19,0.499941,-0.283599,0.0329675,20,0.395766,-0.244962,0.0290897,21,0.46172,-0.251257,0.0298627,22,0.432755,-0.239415,0.0326884,23,0.430437,-0.24033,0.0303929,24,0.606382,-0.237268,0.0330182,25,0.510792,-0.244654,0.0290205,26,0.460369,-0.248101,0.0295056,27,0.496148,-0.361907,0.0300208,28,0.507372,-0.258873,0.0309222,29,0.466987,-0.252605,0.0287646,30,0.525728,-0.241065,0.0309504,31,0.434691,-0.24246,0.030738,32,0.414337,-0.251792,0.0305869,33,0.420347,-0.244815,0.029721,34,0.474254,-0.246708,0.0291437,35,0.525289,-0.322588,0.0299917,36,0.528454,-0.244874,0.0323454,37,0.469104,-0.267672,0.030127,38,0.468751,-0.253898,0.0290508,39,0.504606,-0.272351,0.0322757,40,0.544779,-0.279239,0.0319851,41,0.442518,-0.288616,0.030871,42,0.498429,-0.253218,0.028738,43,0.487502,-0.24601,0.0295413,44,0.448157,-0.25039,0.0289735,45,0.493633,-0.256449,0.0289991,46,0.500285,-0.322883,0.0312955,47,0.452821,-0.341508,0.0325871,48,0.472351,-0.244739,0.0286911,49,0.430921,-0.334279,0.030235,50,0.477636,-0.276695,0.0312452,51,0.500346,-0.253684,0.0290656,52,0.475574,-0.249228,0.0421275,53,0.454853,-0.267673,0.0374263,54,0.508858,-0.258229,0.029045,55,0.494443,-0.281992,0.0314073,56,0.46047,-0.254126,0.0287771,57,0.460312,-0.31726,0.0305158,58,0.474525,-0.297151,0.0309592,59,0.48707,-0.251341,0.0294669,60,0.421149,-0.306581,0.0304023,61,0.443328,-0.253632,0.0287899,62,0.474668,-0.253085,0.028653,63,0.522336,-0.253266,0.0291542,64,0.459235,-0.253384,0.0348087,65,0.514469,-0.286966,0.0322561,66,0.468112,-0.254258,0.029541,67,0.440515,-0.253104,0.0302824,68,0.469469,-0.260082,0.0292072,69,0.521975,-0.247746,0.0348133,70,0.500814,-0.262079,0.029539,71,0.472367,-0.253229,0.0291271,72,0.469074,-0.249027,0.0301466,73,0.518942,-0.246104,0.0295223,74,0.537911,-0.290439,0.0298661,75,0.47296,-0.254004,0.0287994,76,0.47219,-0.254786,0.0290571,77,0.45923,-0.238939,0.0306888,78,0.471341,-0.24865,0.0298366,79,0.512466,-0.275773,0.0300183,80,0.506823,-0.253249,0.0290312,81,0.431891,-0.255399,0.0304362,82,0.531109,-0.249837,0.0312579,83,0.535669,-0.257329,0.0299835,84,0.574708,-0.253403,0.0310637,85,0.394309,-0.267791,0.031097,86,0.484341,-0.25082,0.0292965,87,0.514968,-0.243184,0.0299934,88,0.498186,-0.283721,0.0305684,89,0.553011,-0.252602,0.0307871,90,0.454728,-0.269154,0.0289038,91,0.48579,-0.32317,0.030881,92,0.436096,-0.271986,0.0317736,93,0.438359,-0.239697,0.0317143,94,0.45919,-0.297109,0.0296488,95,0.592278,-0.246566,0.0305271,96,0.454643,-0.269954,0.0287665,97,0.455414,-0.254109,0.0298166,98,0.425327,-0.27447,0.0305482,99,0.529844,-0.362461,0.03035,
generation,78,0,0.473049,-0.251415,0.0297023,1,0.491582,-0.246171,0.0314217,2,0.494325,-0.258829,0.0326559,3,0.477373,-0.264569,0.0290495,4,0.406226,-0.241064,0.0302829,5,0.52347,-0.249801,0.0293648,6,0.459613,-0.319101,0.0307454,7,0.448872,-0.279502,0.0287547,8,0.544976,-0.245546,0.0349591,9,0.509802,-0.255667,0.0301139,10,0.479536,-0.261247,0.0292534,11,0.550875,-0.263594,0.0347347,12,0.470196,-0.243678,0.0322671,13,0.431285,-0.248538,0.0298374,14,0.430092,-0.27574,0.0300571,15,0.489269,-0.313219,0.0301222,16,0.468181,-0.296274,0.0299216,17,0.464739,-0.337763,0.0304322,18,0.522527,-0.250803,0.0287188,19,0.455704,-0.298004,0.0310102,20,0.45872,-0.247006,0.0305736,21,0.52483,-0.249863,0.0288115,22,0.569981,-0.244342,0.0314851,23,0.473605,-0.313111,0.0421193,24,0.480524,-0.266757,0.0300443,25,0.448379,-0.327255,0.0308174,26,0.538565,-0.26153,0.0371437,27,0.518532,-0.256686,0.0290672,28,0.500053,-0.260002,0.0288056,29,0.484318,-0.253477,0.0289722,30,0.450729,-0.279321,0.0297567,31,0.467663,-0.285704,0.0311312,32,0.482154,-0.254427,0.0299138,33,0.546645,-0.283175,0.0308099,34,0.469957,-0.242073,0.0296094,35,0.506223,-0.239965,0.0298262,36,0.476248,-0.242836,0.02977,37,0.588168,-0.25215,0.0452745,38,0.474198,-0.250628,0.028743,39,0.574759,-0.292686,0.0307739,40,0.457161,-0.276442,0.0287296,41,0.475584,-0.242467,0.0289055,42,0.461938,-0.283816,0.030248,43,0.407247,-0.261299,0.0297712,44,0.463358,-0.268688,0.0307869,45,0.545319,-0.260858,0.0360612,46,0.508274,-0.245568,0.0341818,47,0.494897,-0.261507,0.0310492,48,0.549838,-0.257324,0.0306589,49,0.46046,-0.281237,0.0315541,50,0.468828,-0.255223,0.0292415,51,0.43946,-0.249864,0.0304133,52,0.486704,-0.242351,0.0287795,53,0.49086,-0.251543,0.0289294,54,0.555321,-0.243791,0.0394199,55,0.530623,-0.27715,0.0324215,56,0.415973,-0.249559,0.0308115,57,0.523152,-0.356431,0.0335419,58,0.437953,-0.336081,0.0292691,59,0.498998,-0.276674,0.0292016,60,0.42588,-0.261356,0.0307093,61,0.498362,-0.268933,0.0299099,62,0.468586,-0.251776,0.0288228,63,0.453187,-0.256479,0.0306968,64,0.463114,-0.303331,0.0301134,65,0.489696,-0.263314,0.029809,66,0.37677,-0.242014,0.0303874,67,0.422952,-0.29604,0.0300073,68,0.438723,-0.281974,0.0287569,69,0.481224,-0.282228,0.0297316,70,0.535377,-0.24385,0.0292102,71,0.462017,-0.267756,0.0287205,72,0.496207,-0.256323,0.0302852,73,0.533381,-0.243605,0.0295742,74,0.45902,-0.254373,0.030391,75,0.488185,-0.239801,0.0315959,76,0.534494,-0.264407,0.0341635,77,0.463156,-0.308349,0.0299562,78,0.539931,-0.331774,0.0294576,79,0.478565,-0.29195,0.0420627,80,0.44701,-0.272863,0.0291641,81,0.425105,-0.272352,0.0300762,82,0.487602,-0.250041,0.0300034,83,0.482237,-0.27687,0.030474,84,0.507001,-0.271131,0.0292522,85,0.437138,-0.282083,0.0294265,86,0.481423,-0.270068,0.0289499,87,0.411563,-0.261279,0.0297527,88,0.447656,-0.278408,0.0296691,89,0.418575,-0.267757,0.0289483,90,0.423758,-0.249738,0.0289325,91,0.4302,-0.242994,0.030411,92,0.469487,-0.322471,0.0355816,93,0.53494,-0.245549,0.0299327,94,0.489404,-0.281031,0.03019,95,0.491394,-0.346764,0.0333283,96,0.439561,-0.27125,0.0315762,97,0.472639,-0.24567,0.0309711,98,0.452939,-0.264833,0.0295284,99,0.465501,-0.239776,0.0287802,
generation,79,0,0.430184,-0.24983,0.0303026,1,0.456492,-0.287264,0.0306967,2,0.434428,-0.247886,0.0307893,3,0.509913,-0.251864,0.0299883,4,0.569946,-0.250577,0.0311592,5,0.464426,-0.243219,0.0301682,6,0.509077,-0.27248,0.0296198,7,0.501885,-0.25012,0.0296958,8,0.509837,-0.261353,0.0294416,9,0.490362,-0.271599,0.0291765,10,0.48296,-0.269414,0.0294915,11,0.502621,-0.24167,0.028935,12,0.479648,-0.289621,0.0302477,13,0.493736,-0.331517,0.0300215,14,0.48839,-0.261527,0.0292374,15,0.376656,-0.246389,0.0305066,16,0.483561,-0.267789,0.030575,17,0.530529,-0.254499,0.0295951,18,0.494968,-0.264912,0.029964,19,0.469117,-0.298366,0.0299206,20,0.502472,-0.247266,0.0311253,21,0.495138,-0.276225,0.0302051,22,0.494286,-0.296959,0.029831,23,0.469151,-0.284117,0.0288187,24,0.499912,-0.25289,0.0291463,25,0.503798,-0.255906,0.0300686,26,0.477045,-0.286764,0.0294955,27,0.466934,-0.247619,0.0288338,28,0.521875,-0.256612,0.0303765,29,0.482723,-0.254117,0.0295705,30,0.531281,-0.241875,0.0309137,31,0.395362,-0.257279,0.0301688,32,0.483862,-0.284891,0.0323276,33,0.498666,-0.252256,0.0297958,34,0.454592,-0.257357,0.0302538,35,0.482364,-0.267294,0.0318702,36,0.498048,-0.319772,0.0342614,37,0.481464,-0.251005,0.0291341,38,0.506015,-0.25437,0.0307308,39,0.49299,-0.250502,0.028904,40,0.462442,-0.398598,0.0288315,41,0.514944,-0.257073,0.0303993,42,0.480704,-0.32246,0.0309265,43,0.466115,-0.353255,0.0296433,44,0.535614,-0.275291,0.030951,45,0.426287,-0.27923,0.0287686,46,0.381895,-0.266467,0.0311584,47,0.469942,-0.254194,0.0321715,48,0.502092,-0.249781,0.0292533,49,0.44776,-0.250801,0.0302601,50,0.63169,-0.242317,0.0309277,51,0.558054,-0.248169,0.0302896,52,0.468185,-0.249646,0.0288062,53,0.425528,-0.261113,0.0301026,54,0.426766,-0.275651,0.0290215,55,0.459269,-0.266378,0.0313169,56,0.491646,-0.272401,0.0287901,57,0.521429,-0.283936,0.0304956,58,0.562301,-0.282637,0.0331318,59,0.427759,-0.252394,0.0293638,60,0.461007,-0.246031,0.0286959,61,0.490005,-0.266592,0.0307626,62,0.525763,-0.245085,0.0299477,63,0.404539,-0.288299,0.0310715,64,0.47826,-0.240288,0.0289921,65,0.470494,-0.246939,0.0305361,66,0.501499,-0.270867,0.0310271,67,0.498857,-0.248379,0.0353163,68,0.432083,-0.299465,0.0305691,69,0.424048,-0.240152,0.030366,70,0.48566,-0.253408,0.0290078,71,0.535754,-0.353548,0.0306604,72,0.471524,-0.245752,0.0287759,73,0.438057,-0.285945,0.0286791,74,0.48667,-0.268204,0.0292621,75,0.502358,-0.250539,0.0291464,76,0.522145,-0.267148,0.0312142,77,0.450109,-0.24109,0.0297255,78,0.469329,-0.241336,0.0302536,79,0.469599,-0.258243,0.0290835,80,0.523764,-0.279298,0.03414,81,0.51162,-0.249485,0.0289638,82,0.490611,-0.278379,0.033346,83,0.473463,-0.248229,0.0289516,84,0.447084,-0.24312,0.029281,85,0.521467,-0.256738,0.0292534,86,0.56069,-0.271355,0.0301449,87,0.441896,-0.283262,0.028766,88,0.510237,-0.294363,0.0420832,89,0.498129,-0.2508,0.0298186,90,0.519449,-0.29316,0.0389321,91,0.485725,-0.247302,0.028834,92,0.44343,-0.299452,0.0305367,93,0.435517,-0.242934,0.0286992,94,0.459311,-0.255846,0.0305186,95,0.45827,-0.240987,0.0299934,96,0.505429,-0.319033,0.0297526,97,0.520367,-0.246182,0.0288887,98,0.47586,-0.250026,0.0288188,99,0.458881,-0.338052,0.0306426,
generation,80,0,0.592703,-0.244723,0.0302139,1,0.596193,-0.243575,0.0486377,2,0.489748,-0.251892,0.0291959,3,0.500821,-0.252417,0.029535,4,0.499146,-0.246674,0.0289972,5,0.520952,-0.265776,0.0311318,6,0.458221,-0.25228,0.0292243,7,0.469983,-0.256925,0.028707,8,0.581734,-0.284296,0.0323914,9,0.653338,-0.29108,0.0380897,10,0.425157,-0.250085,0.037299,11,0.427627,-0.242957,0.0301558,12,0.490318,-0.26551,0.029591,13,0.469812,-0.258083,0.0377231,14,0.514556,-0.271426,0.0386273,15,0.407046,-0.247612,0.0314115,16,0.418625,-0.256758,0.0306018,17,0.46589,-0.249539,0.0290659,18,0.575408,-0.273327,0.0461771,19,0.470116,-0.253997,0.0307838,20,0.514045,-0.286335,0.0296759,21,0.527125,-0.271873,0.0451604,22,0.472752,-0.253782,0.02957,23,0.463489,-0.24236,0.0288943,24,0.515175,-0.242572,0.029397,25,0.566658,-0.259322,0.0308752,26,0.463222,-0.262351,0.0290124,27,0.464567,-0.252277,0.0303251,28,0.424507,-0.237699,0.0345795,29,0.507299,-0.271299,0.0308159,30,0.578915,-0.251286,0.0299215,31,0.457535,-0.323492,0.0377087,32,0.553953,-0.292886,0.0322304,33,0.587136,-0.244404,0.0384021,34,0.430863,-0.286628,0.0298267,35,0.506215,-0.264861,0.0330656,36,0.511426,-0.253176,0.0287591,37,0.421336,-0.257651,0.0298926,38,0.478918,-0.243027,0.0363069,39,0.574079,-0.265964,0.0290557,40,0.48531,-0.248893,0.0294366,41,0.509131,-0.248548,0.030088,42,0.48425,-0.259457,0.0310631,43,0.532411,-0.244603,0.0301892,44,0.462888,-0.268263,0.031021,45,0.438128,-0.248126,0.0300973,46,0.487421,-0.247525,0.029345,47,0.518458,-0.251993,0.0297192,48,0.485797,-0.262888,0.0289092,49,0.566458,-0.244812,0.031167,50,0.51981,-0.243269,0.0290964,51,0.584383,-0.241522,0.0330351,52,0.465535,-0.260593,0.0310248,53,0.50697,-0.252104,0.0329199,54,0.468967,-0.256997,0.0292244,55,0.465079,-0.252633,0.0309364,56,0.488206,-0.251496,0.0294311,57,0.493854,-0.377025,0.0294096,58,0.50238,-0.253238,0.030817,59,0.519891,-0.255629,0.0298079,60,0.464694,-0.238425,0.029467,61,0.471279,-0.254166,0.0290402,62,0.427027,-0.248338,0.0303323,63,0.537832,-0.270942,0.0293367,64,0.500298,-0.320191,0.0358576,65,0.536846,-0.25873,0.0341646,66,0.479452,-0.244113,0.0312846,67,0.45812,-0.245622,0.0296047,68,0.482589,-0.253946,0.0295244,69,0.486942,-0.250708,0.0299757,70,0.50189,-0.264556,0.0288667,71,0.533012,-0.300573,0.0349948,72,0.508258,-0.264283,0.0287864,73,0.439305,-0.270106,0.0293935,74,0.465106,-0.243317,0.0291139,75,0.521799,-0.314226,0.0301814,76,0.469864,-0.254421,0.029185,77,0.481191,-0.258763,0.0288155,78,0.490286,-0.248748,0.0380022,79,0.505806,-0.256909,0.0294719,80,0.515893,-0.251592,0.0302087,81,0.412561,-0.271836,0.0304064,82,0.468984,-0.268947,0.0292544,83,0.471762,-0.2521,0.0290465,84,0.507913,-0.283926,0.0301437,85,0.613554,-0.273488,0.0370243,86,0.544763,-0.257531,0.0291999,87,0.533214,-0.245318,0.0433367,88,0.509969,-0.254569,0.0307033,89,0.635015,-0.303743,0.0507592,90,0.458953,-0.274833,0.035618,91,0.455827,-0.282191,0.0300909,92,0.436393,-0.26917,0.0327934,93,0.468041,-0.255985,0.0291518,94,0.511587,-0.268812,0.030817,95,0.457497,-0.243485,0.0296614,96,0.434429,-0.268675,0.0305712,97,0.453123,-0.242104,0.0304266,98,0.500306,-0.257633,0.0294513,99,0.404657,-0.243401,0.0303634,
generation,81,0,0.436407,-0.278544,0.0295501,1,0.503301,-0.272312,0.0311391,2,0.53155,-0.255783,0.0418309,3,0.61555,-0.239235,0.0304417,4,0.427108,-0.292884,0.0355794,5,0.450094,-0.248172,0.0304089,6,0.464408,-0.269028,0.0313782,7,0.467311,-0.250515,0.0305681,8,0.485526,-0.267928,0.0290284,9,0.548568,-0.257523,0.0312423,10,0.487313,-0.246625,0.0297768,11,0.462531,-0.247224,0.0304189,12,0.493586,-0.256444,0.0292454,13,0.41534,-0.259104,0.0309287,14,0.509756,-0.241597,0.0307502,15,0.440583,-0.271619,0.04288,16,0.456098,-0.245226,0.0289718,17,0.448665,-0.260115,0.0307351,18,0.494965,-0.257943,0.0385549,19,0.596878,-0.285714,0.0493005,20,0.491468,-0.258344,0.0390707,21,0.493195,-0.245007,0.029144,22,0.452107,-0.282839,0.0310338,23,0.489502,-0.25795,0.0290236,24,0.565842,-0.261412,0.0428675,25,0.480744,-0.273848,0.0290296,26,0.499816,-0.283905,0.0335304,27,0.530491,-0.268241,0.0378934,28,0.394298,-0.242799,0.0298317,29,0.476576,-0.246215,0.0288766,30,0.410066,-0.242838,0.0297816,31,0.509748,-0.248245,0.0374439,32,0.588666,-0.255352,0.0302019,33,0.470987,-0.24432,0.0300338,34,0.540297,-0.24986,0.02952,35,0.553994,-0.305026,0.043449,36,0.668991,-0.263123,0.0344798,37,0.475544,-0.282886,0.029745,38,0.46352,-0.24529,0.0299923,39,0.422165,-0.280598,0.0304911,40,0.479042,-0.26135,0.0399142,41,0.488441,-0.245699,0.0298103,42,0.442892,-0.299304,0.0301088,43,0.507035,-0.264368,0.0304128,44,0.458566,-0.26738,0.0297953,45,0.50002,-0.254831,0.0317645,46,0.502892,-0.243107,0.0296689,47,0.490057,-0.255172,0.037193,48,0.467961,-0.249317,0.0295908,49,0.494355,-0.284051,0.0321427,50,0.465989,-0.246896,0.028823,51,0.456893,-0.31493,0.0311337,52,0.44197,-0.247935,0.0293878,53,0.462484,-0.256114,0.0310247,54,0.58721,-0.292961,0.0428233,55,0.478796,-0.242349,0.0288722,56,0.576824,-0.300409,0.0314655,57,0.484266,-0.285425,0.0305698,58,0.542868,-0.243435,0.0304849,59,0.646937,-0.255214,0.0307777,60,0.541758,-0.278807,0.0364801,61,0.471527,-0.253959,0.0345199,62,0.472584,-0.244059,0.029331,63,0.466379,-0.24264,0.0288683,64,0.490665,-0.293336,0.0337095,65,0.45713,-0.26655,0.0297944,66,0.526189,-0.247252,0.0308876,67,0.49098,-0.244393,0.0288777,68,0.451105,-0.266653,0.0307861,69,0.454841,-0.268363,0.0289182,70,0.465593,-0.260865,0.0288927,71,0.509466,-0.331406,0.0378078,72,0.516838,-0.25001,0.0300504,73,0.599791,-0.292462,0.0387369,74,0.438184,-0.2679,0.0296569,75,0.487511,-0.270927,0.0315812,76,0.505132,-0.253176,0.031531,77,0.384145,-0.288071,0.0379576,78,0.504738,-0.24979,0.029363,79,0.450139,-0.240291,0.0313314,80,0.47766,-0.264971,0.030427,81,0.562958,-0.290205,0.0408656,82,0.496897,-0.258769,0.0366241,83,0.562274,-0.302529,0.0415024,84,0.474409,-0.251123,0.0306512,85,0.510496,-0.267898,0.0311455,86,0.483991,-0.256891,0.0306415,87,0.617741,-0.314694,0.0325623,88,0.537658,-0.240408,0.0336056,89,0.463417,-0.270935,0.0301463,90,0.475411,-0.245541,0.0288883,91,0.477438,-0.256048,0.0299113,92,0.455079,-0.277164,0.0334435,93,0.490541,-0.252126,0.0296608,94,0.509389,-0.255067,0.0297759,95,0.52493,-0.242364,0.0303502,96,0.495361,-0.25064,0.028709,97,0.486281,-0.289796,0.0341608,98,0.610069,-0.248581,0.0345676,99,0.559631,-0.248485,0.0316949,
generation,82,0,0.470243,-0.294434,0.0391303,1,0.480353,-0.243317,0.0311902,2,0.439088,-0.357119,0.0311153,3,0.476585,-0.243704,0.0296489,4,0.535453,-0.295568,0.034026,5,0.462326,-0.285732,0.0291145,6,0.492251,-0.248159,0.0292509,7,0.499644,-0.248768,0.0292835,8,0.437684,-0.26773,0.0299021,9,0.503799,-0.26277,0.0355592,10,0.47762,-0.242321,0.0292428,11,0.481092,-0.262144,0.0293979,12,0.489142,-0.252123,0.0291916,13,0.507849,-0.268825,0.03259,14,0.416648,-0.261541,0.0296069,15,0.484483,-0.268506,0.0290367,16,0.440457,-0.289303,0.0348942,17,0.490313,-0.256622,0.028699,18,0.531763,-0.261513,0.0389862,19,0.500686,-0.26048,0.0294086,20,0.497894,-0.250187,0.0287856,21,0.526165,-0.255079,0.0458715,22,0.50316,-0.255141,0.0292757,23,0.500026,-0.270718,0.0339925,24,0.538875,-0.37079,0.0291607,25,0.512607,-0.27855,0.0322827,26,0.403935,-0.287413,0.0331996,27,0.537717,-0.246468,0.0295567,28,0.498061,-0.255382,0.0292369,29,0.530075,-0.288345,0.0317329,30,0.543703,-0.266203,0.0300993,31,0.49594,-0.242826,0.0295456,32,0.501173,-0.25729,0.0363737,33,0.493834,-0.269943,0.0349173,34,0.490429,-0.247924,0.0290843,35,0.491924,-0.253234,0.0290407,36,0.450848,-0.254161,0.0297616,37,0.443821,-0.280457,0.0287974,38,0.4875,-0.258644,0.0304927,39,0.459855,-0.268853,0.0288567,40,0.475063,-0.278136,0.0291694,41,0.492866,-0.245946,0.0359837,42,0.520732,-0.270852,0.0292813,43,0.462356,-0.241876,0.0291983,44,0.500541,-0.244672,0.0291133,45,0.521567,-0.259458,0.0300277,46,0.475906,-0.24556,0.0294595,47,0.523668,-0.258791,0.0355123,48,0.506447,-0.248173,0.0290477,49,0.490589,-0.245968,0.0289582,50,0.414726,-0.273463,0.0295353,51,0.509983,-0.24773,0.0298676,52,0.516142,-0.269117,0.0293348,53,0.494616,-0.270392,0.0288256,54,0.481665,-0.308048,0.0295329,55,0.472012,-0.244006,0.0305756,56,0.493876,-0.2661,0.0292669,57,0.510527,-0.30841,0.0291444,58,0.463795,-0.262528,0.0310516,59,0.429942,-0.257695,0.0374166,60,0.594374,-0.263418,0.0383681,61,0.479328,-0.251876,0.0303768,62,0.435447,-0.253639,0.0303353,63,0.478779,-0.243418,0.0287827,64,0.485742,-0.290586,0.0295915,65,0.478372,-0.292767,0.0299836,66,0.535219,-0.33371,0.0359181,67,0.525336,-0.267872,0.0366561,68,0.452216,-0.254287,0.0350801,69,0.568867,-0.250324,0.0301635,70,0.491104,-0.247671,0.0288672,71,0.451337,-0.259299,0.0287746,72,0.595352,-0.264113,0.0326938,73,0.523949,-0.303678,0.0290674,74,0.436244,-0.258995,0.0290321,75,0.462343,-0.288893,0.0307349,76,0.515627,-0.262399,0.0298998,77,0.538028,-0.328843,0.0324384,78,0.513024,-0.241316,0.0287818,79,0.498648,-0.248235,0.0300155,80,0.501291,-0.256822,0.0296293,81,0.510875,-0.246805,0.0291153,82,0.495241,-0.265059,0.0311423,83,0.495481,-0.272901,0.0362964,84,0.463709,-0.244498,0.0297207,85,0.512,-0.270232,0.0300176,86,0.656375,-0.294176,0.0578741,87,0.462412,-0.26224,0.0290257,88,0.484209,-0.248705,0.0295283,89,0.593275,-0.245066,0.0308016,90,0.488066,-0.2468,0.0297439,91,0.349448,-0.250995,0.0306453,92,0.526179,-0.272849,0.0417022,93,0.382334,-0.274038,0.0293545,94,0.477955,-0.248201,0.0297486,95,0.522315,-0.241105,0.0303944,96,0.427736,-0.248023,0.0311194,97,0.530682,-0.267889,0.0364398,98,0.445256,-0.268897,0.0297668,99,0.567667,-0.30073,0.0363157,
generation,83,0,0.49881,-0.275695,0.0296227,1,0.625689,-0.241711,0.0431258,2,0.440927,-0.249562,0.0300342,3,0.46813,-0.257764,0.0357163,4,0.594728,-0.272359,0.0390585,5,0.568509,-0.247711,0.0387692,6,0.460525,-0.261428,0.0301733,7,0.448954,-0.266188,0.0289635,8,0.524602,-0.261617,0.0322488,9,0.481443,-0.252181,0.0293951,10,0.442674,-0.242334,0.0287253,11,0.482754,-0.297462,0.0297615,12,0.520397,-0.253178,0.0344204,13,0.467644,-0.245838,0.0303725,14,0.468754,-0.255361,0.0383452,15,0.481096,-0.278604,0.0288472,16,0.505134,-0.240433,0.0299818,17,0.595209,-0.261039,0.0382209,18,0.396963,-0.271426,0.032132,19,0.525303,-0.243655,0.0289176,20,0.490876,-0.255778,0.0378357,21,0.478973,-0.361266,0.0302396,22,0.461845,-0.255206,0.0309315,23,0.461496,-0.25326,0.0297673,24,0.516631,-0.273296,0.0306639,25,0.464992,-0.2488,0.0296866,26,0.443783,-0.26673,0.0286505,27,0.470489,-0.293339,0.0293228,28,0.485674,-0.280098,0.0349027,29,0.478762,-0.252307,0.0304904,30,0.472629,-0.246772,0.0287018,31,0.4443,-0.269429,0.0291256,32,0.441716,-0.293771,0.0289252,33,0.460818,-0.297219,0.0376883,34,0.490498,-0.28507,0.0345691,35,0.49305,-0.287936,0.0305908,36,0.46416,-0.259678,0.0308828,37,0.474124,-0.242694,0.0290262,38,0.602132,-0.25445,0.0318772,39,0.501362,-0.297631,0.029919,40,0.495957,-0.242632,0.0297162,41,0.443944,-0.250125,0.0294634,42,0.470541,-0.327811,0.0302312,43,0.444507,-0.258031,0.0298513,44,0.468451,-0.251532,0.0288359,45,0.469369,-0.25596,0.0299983,46,0.488244,-0.290969,0.030034,47,0.478186,-0.242648,0.0302074,48,0.486047,-0.251299,0.0290154,49,0.505636,-0.241765,0.0292623,50,0.543534,-0.242769,0.0318467,51,0.525392,-0.250248,0.0431653,52,0.45378,-0.27929,0.0403832,53,0.586969,-0.256033,0.0318098,54,0.520932,-0.238526,0.0294086,55,0.494588,-0.268555,0.0363064,56,0.462504,-0.256484,0.030935,57,0.544296,-0.255697,0.0292406,58,0.522673,-0.243543,0.029038,59,0.480185,-0.242508,0.028857,60,0.4694,-0.242369,0.029823,61,0.506011,-0.272337,0.0301724,62,0.485586,-0.276514,0.0297447,63,0.494077,-0.264911,0.029414,64,0.468641,-0.243441,0.0302738,65,0.511264,-0.252654,0.0303353,66,0.471403,-0.246133,0.0363528,67,0.470104,-0.242801,0.0296905,68,0.56863,-0.272919,0.0345643,69,0.460412,-0.279168,0.0288186,70,0.504481,-0.247567,0.0291073,71,0.438983,-0.333699,0.0359012,72,0.478137,-0.246207,0.0303045,73,0.463923,-0.252946,0.0376833,74,0.53081,-0.267104,0.0290972,75,0.509632,-0.302718,0.0295988,76,0.667647,-0.315085,0.0400925,77,0.4327,-0.243208,0.0303512,78,0.46213,-0.262127,0.0295149,79,0.485865,-0.312794,0.0303222,80,0.440357,-0.282495,0.028845,81,0.432894,-0.267387,0.0299952,82,0.556576,-0.245369,0.0293091,83,0.527696,-0.252242,0.0304349,84,0.486026,-0.280404,0.0361649,85,0.533227,-0.247559,0.0298172,86,0.458619,-0.270499,0.0288559,87,0.469538,-0.240672,0.0387269,88,0.44904,-0.249209,0.0299419,89,0.490943,-0.240017,0.0293424,90,0.505614,-0.252746,0.0305207,91,0.493891,-0.310122,0.0296753,92,0.588185,-0.258488,0.0311735,93,0.585694,-0.324399,0.0292329,94,0.497966,-0.235604,0.0357105,95,0.463029,-0.249466,0.0287337,96,0.460139,-0.263397,0.0288695,97,0.469641,-0.249742,0.0287954,98,0.428739,-0.246771,0.0307638,99,0.488536,-0.26555,0.0309542,
generation,84,0,0.594121,-0.2553,0.0364865,1,0.512796,-0.272173,0.0297822,2,0.586113,-0.241117,0.0318583,3,0.415783,-0.380412,0.0306647,4,0.486971,-0.245345,0.0291128,5,0.551766,-0.267214,0.0466449,6,0.57218,-0.282066,0.0344018,7,0.456459,-0.252444,0.0301137,8,0.48423,-0.24595,0.0310868,9,0.471716,-0.256295,0.0287026,10,0.431345,-0.282247,0.0305047,11,0.441162,-0.244924,0.0296823,12,0.50726,-0.248946,0.0295839,13,0.54339,-0.25412,0.0326069,14,0.557771,-0.271644,0.0339381,15,0.596212,-0.257858,0.0337141,16,0.471211,-0.243196,0.0289203,17,0.553696,-0.25342,0.0297293,18,0.481496,-0.284711,0.0299461,19,0.68126,-0.215198,0.0333778,20,0.503199,-0.250928,0.0287261,21,0.452161,-0.258168,0.040985,22,0.473998,-0.250916,0.030393,23,0.478766,-0.241109,0.0304357,24,0.41624,-0.258459,0.0306646,25,0.486912,-0.258353,0.0305163,26,0.431765,-0.241404,0.0309641,27,0.47143,-0.255183,0.0287469,28,0.462298,-0.348469,0.0306417,29,0.43969,-0.251404,0.0298609,30,0.448463,-0.253892,0.030759,31,0.491156,-0.248359,0.0298522,32,0.459866,-0.329328,0.0343043,33,0.477149,-0.243653,0.0289157,34,0.526648,-0.246537,0.0319784,35,0.432945,-0.294995,0.0302645,36,0.511563,-0.247033,0.0292837,37,0.438881,-0.264196,0.0357645,38,0.498869,-0.292186,0.0388797,39,0.470428,-0.251588,0.0304069,40,0.506031,-0.252546,0.0289161,41,0.508407,-0.25894,0.0298524,42,0.477117,-0.24516,0.030823,43,0.52194,-0.259977,0.0296105,44,0.499275,-0.275835,0.0313952,45,0.472768,-0.245501,0.0307865,46,0.445742,-0.276427,0.0287415,47,0.45379,-0.272453,0.0289265,48,0.443711,-0.320007,0.0299132,49,0.541634,-0.25878,0.0376721,50,0.46623,-0.285653,0.037277,51,0.432147,-0.244832,0.0307557,52,0.524193,-0.270937,0.0348835,53,0.489444,-0.304831,0.0304116,54,0.463277,-0.289997,0.0317992,55,0.465863,-0.243437,0.029239,56,0.456564,-0.268871,0.0340774,57,0.468869,-0.248375,0.0293091,58,0.564446,-0.312026,0.0345143,59,0.519862,-0.254742,0.0361976,60,0.465314,-0.247959,0.0287811,61,0.44923,-0.249692,0.0300029,62,0.532829,-0.259324,0.0339258,63,0.539398,-0.298225,0.0352997,64,0.454624,-0.250899,0.0291182,65,0.497727,-0.252348,0.0300108,66,0.489616,-0.285199,0.0313867,67,0.442435,-0.264649,0.0312032,68,0.492838,-0.243776,0.0294446,69,0.399294,-0.253827,0.0301502,70,0.495336,-0.26916,0.0344963,71,0.523037,-0.244101,0.029921,72,0.49681,-0.252288,0.0300947,73,0.506406,-0.24016,0.0288587,74,0.54369,-0.253032,0.0297178,75,0.421751,-0.24629,0.0288045,76,0.503692,-0.250208,0.0288943,77,0.479307,-0.277844,0.0322324,78,0.502105,-0.24768,0.0298065,79,0.475143,-0.258079,0.0300859,80,0.51851,-0.266789,0.030831,81,0.438752,-0.248849,0.0304684,82,0.518425,-0.256481,0.0390854,83,0.401417,-0.238534,0.0305397,84,0.487387,-0.365914,0.0298683,85,0.471954,-0.248805,0.0302827,86,0.627351,-0.289767,0.0311966,87,0.494333,-0.258665,0.0302455,88,0.525118,-0.27893,0.0296454,89,0.519505,-0.281132,0.0310364,90,0.523337,-0.251716,0.0310328,91,0.450464,-0.276597,0.0362492,92,0.510973,-0.267822,0.0301734,93,0.511516,-0.252675,0.0425207,94,0.482757,-0.282023,0.029905,95,0.532726,-0.270523,0.0378973,96,0.474007,-0.244783,0.0309684,97,0.457157,-0.257055,0.0288514,98,0.487562,-0.262066,0.029977,99,0.499114,-0.261056,0.0299688,
generation,85,0,0.444443,-0.255513,0.0309994,1,0.473867,-0.244046,0.028822,2,0.446105,-0.244085,0.0297761,3,0.44151,-0.249909,0.0326575,4,0.486723,-0.264777,0.0329337,5,0.4379,-0.240652,0.0288095,6,0.472455,-0.250329,0.0294292,7,0.426712,-0.274009,0.0306193,8,0.445946,-0.260361,0.0376832,9,0.549992,-0.25663,0.0386164,10,0.402737,-0.241478,0.0305914,11,0.449976,-0.246825,0.0292165,12,0.475955,-0.261925,0.0296363,13,0.491638,-0.252886,0.0289209,14,0.43525,-0.246483,0.0305359,15,0.519788,-0.250166,0.0309531,16,0.444786,-0.267825,0.0295352,17,0.504839,-0.285856,0.0402191,18,0.470174,-0.256427,0.030751,19,0.493485,-0.317793,0.0300707,20,0.475116,-0.242591,0.028705,21,0.511607,-0.251191,0.0293894,22,0.547666,-0.251646,0.0295321,23,0.457659,-0.291238,0.033228,24,0.484685,-0.27163,0.030135,25,0.612143,-0.240602,0.0311983,26,0.487037,-0.260537,0.0308032,27,0.512448,-0.242839,0.0323638,28,0.655756,-0.267624,0.0475602,29,0.475529,-0.24201,0.0307881,30,0.4738,-0.243691,0.0301409,31,0.476675,-0.245527,0.0289505,32,0.475585,-0.279962,0.0303877,33,0.484384,-0.251189,0.0290177,34,0.498872,-0.286413,0.0308579,35,0.472832,-0.249216,0.0314263,36,0.454101,-0.245624,0.0295259,37,0.470452,-0.270328,0.0311098,38,0.491432,-0.300689,0.0313454,39,0.461685,-0.258033,0.0290582,40,0.486817,-0.241213,0.0294595,41,0.528239,-0.285529,0.030684,42,0.487218,-0.250338,0.0290914,43,0.486717,-0.237929,0.0338114,44,0.470939,-0.252715,0.0307469,45,0.46889,-0.245255,0.0374527,46,0.453153,-0.25832,0.0299376,47,0.486773,-0.24949,0.0301372,48,0.47507,-0.241439,0.029408,49,0.513949,-0.238414,0.0303914,50,0.432556,-0.242261,0.0294854,51,0.448785,-0.248,0.0288035,52,0.470107,-0.253649,0.0295959,53,0.552543,-0.259003,0.0403935,54,0.415909,-0.259089,0.0292734,55,0.518475,-0.244556,0.035308,56,0.524276,-0.273119,0.0305953,57,0.529748,-0.283269,0.0306982,58,0.475539,-0.250547,0.0294717,59,0.49306,-0.269287,0.0294744,60,0.476835,-0.248636,0.0287151,61,0.575669,-0.265037,0.0292109,62,0.584542,-0.346945,0.0421657,63,0.490642,-0.343336,0.0314423,64,0.461185,-0.256259,0.0290042,65,0.483761,-0.247983,0.0295877,66,0.430055,-0.285445,0.0336856,67,0.467577,-0.255878,0.0290038,68,0.498191,-0.249924,0.0299911,69,0.474387,-0.245767,0.0298983,70,0.516871,-0.236664,0.0302629,71,0.493415,-0.248666,0.0291906,72,0.483363,-0.25689,0.0306816,73,0.553952,-0.248098,0.031294,74,0.503553,-0.246042,0.0291614,75,0.581686,-0.286636,0.043369,76,0.48726,-0.273984,0.0290982,77,0.463855,-0.243858,0.0295362,78,0.615202,-0.242124,0.0380909,79,0.39315,-0.277545,0.0290161,80,0.538637,-0.273803,0.0324107,81,0.493663,-0.255856,0.029933,82,0.438373,-0.312283,0.0312425,83,0.395938,-0.243351,0.0288786,84,0.464345,-0.309483,0.0302382,85,0.462043,-0.244857,0.0306993,86,0.501372,-0.249253,0.030026,87,0.495997,-0.278259,0.0329971,88,0.440257,-0.239386,0.0303386,89,0.533883,-0.248415,0.0296093,90,0.502798,-0.265834,0.0346584,91,0.550778,-0.258354,0.0386819,92,0.593758,-0.265499,0.0306667,93,0.52332,-0.244327,0.0293963,94,0.497539,-0.253006,0.0304058,95,0.425626,-0.281848,0.0364076,96,0.434519,-0.259069,0.0301455,97,0.450419,-0.248858,0.0290178,98,0.467448,-0.250971,0.02908,99,0.447488,-0.242331,0.0292855,
generation,86,0,0.478837,-0.243801,0.029508,1,0.48237,-0.250655,0.0291858,2,0.589355,-0.257449,0.0314818,3,0.477566,-0.242306,0.0293638,4,0.4769,-0.301668,0.0301721,5,0.53299,-0.261226,0.0415996,6,0.497823,-0.243202,0.0292855,7,0.506893,-0.249499,0.028968,8,0.443858,-0.240625,0.0306424,9,0.512119,-0.245563,0.0292607,10,0.460991,-0.267792,0.0287061,11,0.491943,-0.243824,0.0348971,12,0.418578,-0.247253,0.0303624,13,0.460822,-0.241091,0.0288841,14,0.519658,-0.327044,0.030199,15,0.480621,-0.240445,0.0295878,16,0.523224,-0.246819,0.0315254,17,0.464537,-0.263079,0.0288701,18,0.55595,-0.2487,0.0318258,19,0.473659,-0.254374,0.0297081,20,0.485717,-0.257514,0.0299298,21,0.462803,-0.25698,0.0296248,22,0.563789,-0.243948,0.0300192,23,0.456541,-0.24064,0.0304829,24,0.473617,-0.243131,0.0298809,25,0.489555,-0.252646,0.0306426,26,0.58235,-0.245787,0.0298775,27,0.548572,-0.259334,0.0315952,28,0.423211,-0.249463,0.0309057,29,0.454255,-0.241127,0.0301904,30,0.505512,-0.251049,0.0291522,31,0.477552,-0.264584,0.0333287,32,0.465605,-0.249101,0.0297325,33,0.661011,-0.312819,0.0298291,34,0.474669,-0.249117,0.0288557,35,0.418077,-0.259073,0.0338275,36,0.49247,-0.269339,0.0317853,37,0.468827,-0.244082,0.0302006,38,0.473116,-0.252868,0.0294593,39,0.469446,-0.244559,0.0305648,40,0.465441,-0.263362,0.0288387,41,0.428032,-0.248436,0.0306969,42,0.457825,-0.242345,0.031183,43,0.430581,-0.243093,0.0302347,44,0.407452,-0.238345,0.0304499,45,0.476873,-0.264099,0.0290885,46,0.535206,-0.248635,0.030555,47,0.533822,-0.242457,0.0302392,48,0.514599,-0.240853,0.0293291,49,0.46215,-0.340231,0.0310746,50,0.45712,-0.27274,0.0291589,51,0.453751,-0.275051,0.0368507,52,0.478706,-0.248285,0.0298816,53,0.522315,-0.241308,0.043457,54,0.444263,-0.279762,0.030726,55,0.485524,-0.254872,0.0292566,56,0.471353,-0.247455,0.0289786,57,0.430313,-0.250048,0.029591,58,0.474517,-0.271186,0.0289719,59,0.495022,-0.249943,0.0302224,60,0.46724,-0.28219,0.0358177,61,0.43716,-0.280554,0.0378957,62,0.545856,-0.317544,0.030385,63,0.463518,-0.245351,0.0297413,64,0.464368,-0.262157,0.0288904,65,0.468692,-0.25672,0.0301026,66,0.497632,-0.272143,0.0295586,67,0.496678,-0.254607,0.0306774,68,0.464181,-0.264165,0.0286302,69,0.526039,-0.241541,0.0298116,70,0.470845,-0.256709,0.0292624,71,0.388306,-0.286427,0.0318267,72,0.460651,-0.266447,0.0314117,73,0.46773,-0.243779,0.0297508,74,0.468975,-0.245604,0.0289226,75,0.487017,-0.245285,0.0290682,76,0.483489,-0.253222,0.0290493,77,0.44262,-0.279975,0.0291122,78,0.484988,-0.249152,0.0304669,79,0.504161,-0.273086,0.032262,80,0.48299,-0.275943,0.0292034,81,0.469502,-0.257792,0.0305137,82,0.506131,-0.242913,0.029439,83,0.514575,-0.249067,0.0335074,84,0.452805,-0.275945,0.0287707,85,0.446416,-0.248075,0.0298893,86,0.554858,-0.255166,0.037051,87,0.50101,-0.246773,0.0296132,88,0.451861,-0.244226,0.0290913,89,0.538248,-0.239735,0.052035,90,0.504563,-0.248539,0.0295242,91,0.524106,-0.281456,0.0299932,92,0.506536,-0.246757,0.0327925,93,0.471499,-0.252304,0.028877,94,0.464297,-0.243826,0.0290605,95,0.494256,-0.28694,0.0301109,96,0.496547,-0.246715,0.0294932,97,0.509039,-0.248153,0.0294419,98,0.540925,-0.253205,0.0313808,99,0.530089,-0.268704,0.0371349,
generation,87,0,0.536773,-0.242661,0.0300101,1,0.494843,-0.286826,0.0303468,2,0.513203,-0.25062,0.0307926,3,0.508322,-0.24428,0.0295774,4,0.491306,-0.252185,0.0291559,5,0.459588,-0.247826,0.0293689,6,0.492291,-0.258155,0.0295261,7,0.43587,-0.31118,0.0304051,8,0.586417,-0.242535,0.0334516,9,0.502717,-0.256899,0.0287837,10,0.437876,-0.238416,0.0309163,11,0.506054,-0.24641,0.029263,12,0.455255,-0.272421,0.0290803,13,0.466719,-0.274833,0.0300626,14,0.555321,-0.245134,0.0297976,15,0.492823,-0.244547,0.0360593,16,0.469349,-0.260719,0.0311186,17,0.503408,-0.309917,0.0382834,18,0.474296,-0.255022,0.0300029,19,0.474667,-0.239773,0.0298351,20,0.485565,-0.267027,0.0315281,21,0.516796,-0.240313,0.029213,22,0.514862,-0.263689,0.0296282,23,0.585687,-0.24655,0.0341386,24,0.450535,-0.271788,0.030316,25,0.482365,-0.268488,0.0289207,26,0.487707,-0.264664,0.0296047,27,0.436178,-0.252969,0.030578,28,0.530258,-0.252421,0.0394312,29,0.488555,-0.257939,0.0297618,30,0.505972,-0.259214,0.0291135,31,0.46267,-0.266719,0.0288564,32,0.520595,-0.260671,0.0311695,33,0.451405,-0.385305,0.0292953,34,0.504811,-0.247522,0.0308501,35,0.45786,-0.271615,0.0288921,36,0.506024,-0.30962,0.031072,37,0.493157,-0.252264,0.051438,38,0.438112,-0.265922,0.0299308,39,0.490593,-0.25456,0.0292136,40,0.486252,-0.247487,0.032148,41,0.493145,-0.284106,0.0310196,42,0.618803,-0.251261,0.0340907,43,0.499592,-0.259752,0.029785,44,0.468025,-0.244672,0.0286582,45,0.51215,-0.244138,0.0295438,46,0.488311,-0.24564,0.0295666,47,0.484859,-0.259772,0.029116,48,0.452739,-0.268395,0.0303037,49,0.479747,-0.241273,0.0292782,50,0.522711,-0.261634,0.0347306,51,0.507406,-0.279527,0.0299008,52,0.446098,-0.250213,0.0305527,53,0.522345,-0.295627,0.0294685,54,0.459785,-0.280711,0.0307624,55,0.488301,-0.247618,0.0310314,56,0.429648,-0.250543,0.0300995,57,0.410019,-0.248317,0.0301634,58,0.427372,-0.286303,0.0307017,59,0.458117,-0.24809,0.0297273,60,0.460841,-0.267966,0.0287306,61,0.474811,-0.251263,0.0300698,62,0.474776,-0.251301,0.0303358,63,0.485511,-0.328227,0.0408936,64,0.422911,-0.24904,0.0319675,65,0.470165,-0.244819,0.0291028,66,0.466036,-0.255818,0.0289344,67,0.496204,-0.24682,0.0295853,68,0.482033,-0.23651,0.0429087,69,0.5103,-0.261325,0.0368157,70,0.48044,-0.256936,0.0293273,71,0.467981,-0.257712,0.0354996,72,0.489537,-0.267888,0.033272,73,0.494931,-0.265723,0.0311701,74,0.502837,-0.257623,0.0290198,75,0.458304,-0.25347,0.0299722,76,0.455195,-0.258362,0.0307242,77,0.467978,-0.25795,0.030164,78,0.488715,-0.284837,0.0384079,79,0.466435,-0.265025,0.0302455,80,0.532995,-0.267351,0.0407795,81,0.439044,-0.243201,0.030034,82,0.443411,-0.308274,0.0289554,83,0.505292,-0.252521,0.0368267,84,0.474836,-0.246704,0.0294595,85,0.463517,-0.261784,0.0302782,86,0.450399,-0.279933,0.0294231,87,0.500667,-0.277724,0.0318177,88,0.430477,-0.2484,0.0292838,89,0.391969,-0.23963,0.0295779,90,0.467416,-0.279645,0.0312983,91,0.46303,-0.244983,0.029367,92,0.488258,-0.251156,0.0286853,93,0.468661,-0.249606,0.028737,94,0.457378,-0.246092,0.0307767,95,0.50704,-0.25571,0.0303691,96,0.469831,-0.243817,0.0287497,97,0.423714,-0.25282,0.0306211,98,0.438083,-0.289528,0.0346639,99,0.430547,-0.254518,0.0289935,
generation,88,0,0.462286,-0.268394,0.0331517,1,0.512296,-0.2783,0.0304434,2,0.520741,-0.243415,0.0294311,3,0.556139,-0.238084,0.0366404,4,0.429952,-0.251218,0.0303401,5,0.504693,-0.27632,0.040073,6,0.527879,-0.254448,0.0322114,7,0.504573,-0.243485,0.0289955,8,0.455434,-0.242306,0.0306753,9,0.516092,-0.243694,0.029234,10,0.46609,-0.262889,0.0293382,11,0.492064,-0.281114,0.0291377,12,0.508219,-0.244263,0.0310403,13,0.470803,-0.252194,0.0288176,14,0.47043,-0.244968,0.0297869,15,0.437986,-0.250666,0.030329,16,0.480732,-0.271641,0.0294489,17,0.597149,-0.310427,0.0443306,18,0.485517,-0.258711,0.0291615,19,0.452378,-0.27285,0.0287323,20,0.459922,-0.241216,0.0303488,21,0.490634,-0.247374,0.0297769,22,0.465965,-0.288318,0.0333655,23,0.509926,-0.281957,0.0349615,24,0.504061,-0.244144,0.0319693,25,0.467186,-0.242923,0.0300148,26,0.436504,-0.240106,0.0297211,27,0.48454,-0.292223,0.0299769,28,0.538446,-0.301979,0.0301591,29,0.513646,-0.239312,0.0293099,30,0.44851,-0.246906,0.0300281,31,0.5057,-0.266314,0.0359586,32,0.469555,-0.245657,0.0308015,33,0.515498,-0.27159,0.0334212,34,0.507109,-0.256426,0.0316812,35,0.477433,-0.259316,0.0327465,36,0.598005,-0.239052,0.032246,37,0.497479,-0.250022,0.0313502,38,0.454103,-0.25924,0.030087,39,0.448183,-0.249961,0.0288971,40,0.454207,-0.245837,0.0312133,41,0.483704,-0.253254,0.030203,42,0.492972,-0.321521,0.0304966,43,0.492321,-0.256597,0.035821,44,0.483668,-0.262257,0.0315655,45,0.449919,-0.266905,0.0376404,46,0.499435,-0.277834,0.0307358,47,0.482911,-0.269489,0.0318387,48,0.503225,-0.247836,0.0310122,49,0.461917,-0.266239,0.0311408,50,0.470246,-0.263853,0.031368,51,0.405652,-0.270455,0.0294696,52,0.514365,-0.245016,0.029354,53,0.436357,-0.244285,0.0303809,54,0.4763,-0.244826,0.0293714,55,0.497535,-0.286851,0.0376154,56,0.485568,-0.302618,0.0311627,57,0.514151,-0.243545,0.0298215,58,0.537144,-0.307078,0.0389667,59,0.467456,-0.259808,0.0382359,60,0.528935,-0.26975,0.0300897,61,0.44146,-0.237181,0.0311588,62,0.492755,-0.246849,0.0295863,63,0.470043,-0.26474,0.0297262,64,0.497672,-0.252362,0.0289564,65,0.460713,-0.242053,0.0309444,66,0.445487,-0.245542,0.029161,67,0.55757,-0.252165,0.031421,68,0.445091,-0.248278,0.0311793,69,0.417969,-0.260902,0.0305326,70,0.43946,-0.247503,0.0289393,71,0.486634,-0.260878,0.0301051,72,0.418078,-0.277349,0.0302202,73,0.507609,-0.246774,0.0294096,74,0.499197,-0.254893,0.0296629,75,0.50632,-0.262762,0.0329469,76,0.513732,-0.261754,0.0349606,77,0.473476,-0.281884,0.0288633,78,0.50861,-0.264182,0.0307326,79,0.505123,-0.242954,0.0289621,80,0.46625,-0.244649,0.0288083,81,0.521538,-0.284559,0.029913,82,0.459106,-0.285839,0.0290871,83,0.471254,-0.24606,0.0305797,84,0.465534,-0.260918,0.0287192,85,0.464431,-0.243469,0.029674,86,0.46998,-0.264129,0.0298331,87,0.49396,-0.244321,0.0298073,88,0.477401,-0.247345,0.0286477,89,0.468712,-0.251226,0.0288164,90,0.507741,-0.241626,0.028964,91,0.573257,-0.24965,0.0297779,92,0.519033,-0.246553,0.0291781,93,0.585373,-0.242413,0.0322616,94,0.462393,-0.265369,0.0288955,95,0.446358,-0.241494,0.0301401,96,0.482219,-0.24832,0.0289504,97,0.49973,-0.271589,0.0293122,98,0.526985,-0.239579,0.0298419,99,0.573226,-0.257159,0.0448921,
generation,89,0,0.451991,-0.274807,0.0361728,1,0.425121,-0.245002,0.030771,2,0.494746,-0.249323,0.0294908,3,0.468274,-0.32972,0.0298845,4,0.468484,-0.25219,0.030058,5,0.512855,-0.258097,0.0352452,6,0.462342,-0.259695,0.0290517,7,0.572201,-0.244663,0.0317149,8,0.537306,-0.301093,0.0406082,9,0.487573,-0.271181,0.0298779,10,0.47463,-0.25104,0.0388103,11,0.510974,-0.24959,0.0290797,12,0.542637,-0.254213,0.033255,13,0.444091,-0.254676,0.0300285,14,0.421697,-0.2428,0.0299068,15,0.514669,-0.252277,0.0301531,16,0.516777,-0.283707,0.0357709,17,0.552126,-0.279792,0.0482278,18,0.564099,-0.2428,0.0319884,19,0.493384,-0.290353,0.0305899,20,0.58564,-0.244316,0.03093,21,0.519764,-0.270841,0.0303934,22,0.514827,-0.249064,0.0292918,23,0.514861,-0.270071,0.032221,24,0.550949,-0.245197,0.0328111,25,0.487165,-0.25016,0.0293221,26,0.539641,-0.245333,0.0301753,27,0.456567,-0.245978,0.0288041,28,0.457813,-0.269077,0.0306917,29,0.46501,-0.238895,0.0308409,30,0.450854,-0.264922,0.0319979,31,0.567985,-0.241602,0.0300452,32,0.489017,-0.26723,0.0298684,33,0.442149,-0.269065,0.0298942,34,0.439932,-0.240181,0.0307683,35,0.451033,-0.268108,0.0348048,36,0.485453,-0.257778,0.0293872,37,0.483759,-0.257912,0.0298542,38,0.528124,-0.252078,0.0361254,39,0.534726,-0.245285,0.0312508,40,0.458036,-0.273094,0.0310773,41,0.470037,-0.256026,0.0300425,42,0.496843,-0.271726,0.0299969,43,0.462246,-0.25227,0.0310073,44,0.464635,-0.296511,0.029447,45,0.474842,-0.244322,0.0287046,46,0.554717,-0.258225,0.0403822,47,0.539306,-0.238462,0.0300424,48,0.460929,-0.275924,0.0343901,49,0.518267,-0.253668,0.0322958,50,0.459162,-0.246881,0.0292229,51,0.509992,-0.247135,0.0293477,52,0.448215,-0.261202,0.0300168,53,0.462117,-0.265168,0.0288455,54,0.530924,-0.264412,0.0306354,55,0.433408,-0.268535,0.0299743,56,0.468419,-0.249372,0.0292448,57,0.453537,-0.242571,0.0298965,58,0.505866,-0.248783,0.0299891,59,0.404612,-0.305465,0.0327303,60,0.490273,-0.245422,0.0290224,61,0.489407,-0.249203,0.0307475,62,0.522221,-0.244989,0.0297072,63,0.540411,-0.238038,0.0305561,64,0.475926,-0.244448,0.0289706,65,0.471181,-0.251596,0.0297644,66,0.465331,-0.257022,0.0288659,67,0.449781,-0.259157,0.0302245,68,0.46581,-0.254639,0.028891,69,0.594291,-0.282445,0.0430617,70,0.47027,-0.254622,0.0290854,71,0.512354,-0.261059,0.0290797,72,0.440358,-0.260353,0.0289913,73,0.547304,-0.257486,0.0315153,74,0.512529,-0.24937,0.0304181,75,0.511682,-0.246329,0.0298858,76,0.478595,-0.244129,0.0292314,77,0.43367,-0.262717,0.0295299,78,0.509473,-0.260414,0.0297088,79,0.468811,-0.29778,0.0429005,80,0.430495,-0.254942,0.0299637,81,0.460539,-0.267691,0.0292043,82,0.453587,-0.253091,0.0287185,83,0.469073,-0.24739,0.0293457,84,0.440802,-0.27351,0.0302455,85,0.533073,-0.25144,0.0305368,86,0.492071,-0.27354,0.0333349,87,0.495881,-0.247296,0.0293442,88,0.447117,-0.27801,0.0294632,89,0.447037,-0.308168,0.0400891,90,0.500578,-0.258622,0.0298316,91,0.501563,-0.246406,0.0300035,92,0.478769,-0.246732,0.0303627,93,0.448411,-0.243681,0.0297575,94,0.545475,-0.248437,0.0306281,95,0.519305,-0.282009,0.0329012,96,0.527354,-0.246094,0.0297172,97,0.459144,-0.240883,0.0306875,98,0.539697,-0.304231,0.031367,99,0.5109,-0.257876,0.0297962,
generation,90,0,0.465655,-0.263506,0.0301821,1,0.48074,-0.241134,0.0298652,2,0.48994,-0.246812,0.0293458,3,0.46571,-0.30488,0.0292332,4,0.455997,-0.248021,0.0292243,5,0.497067,-0.265179,0.0294346,6,0.477895,-0.24356,0.0289609,7,0.429262,-0.272907,0.0300583,8,0.514318,-0.241939,0.0291126,9,0.453883,-0.244451,0.0303428,10,0.540891,-0.252154,0.0314923,11,0.358518,-0.240137,0.0305802,12,0.513594,-0.239408,0.0315045,13,0.439738,-0.250833,0.029918,14,0.452636,-0.279539,0.0309298,15,0.461431,-0.277901,0.0298067,16,0.537964,-0.269436,0.0323366,17,0.458549,-0.245436,0.0290188,18,0.494092,-0.247741,0.0290679,19,0.503146,-0.256056,0.0298885,20,0.473469,-0.25104,0.030625,21,0.522794,-0.262973,0.0379603,22,0.47114,-0.249525,0.029657,23,0.577529,-0.255224,0.0296997,24,0.499128,-0.265606,0.0331799,25,0.476208,-0.264616,0.0291888,26,0.487203,-0.263451,0.0289056,27,0.499729,-0.245151,0.0294183,28,0.437735,-0.240445,0.0302292,29,0.460484,-0.253642,0.0307899,30,0.477947,-0.245682,0.0287963,31,0.439922,-0.239049,0.0303931,32,0.456262,-0.247587,0.0292223,33,0.452365,-0.253141,0.0287964,34,0.449951,-0.246724,0.0339472,35,0.472822,-0.250406,0.0309944,36,0.445987,-0.241886,0.0298981,37,0.494883,-0.258599,0.0290461,38,0.506777,-0.246319,0.0294734,39,0.433683,-0.255452,0.0291549,40,0.492779,-0.251457,0.028962,41,0.49482,-0.277647,0.0353802,42,0.595314,-0.252572,0.0339731,43,0.44358,-0.24908,0.0294544,44,0.522618,-0.261469,0.0422143,45,0.457558,-0.242833,0.0288632,46,0.488886,-0.243978,0.0286661,47,0.437096,-0.275668,0.0307241,48,0.609853,-0.253698,0.0342702,49,0.492438,-0.245156,0.030605,50,0.490907,-0.262645,0.0290826,51,0.5066,-0.243702,0.0293385,52,0.470184,-0.250019,0.0305678,53,0.437493,-0.252372,0.0322733,54,0.535553,-0.244781,0.0298401,55,0.462223,-0.282249,0.0286875,56,0.480458,-0.24998,0.029419,57,0.50824,-0.247062,0.0290641,58,0.463511,-0.260199,0.028798,59,0.429996,-0.272058,0.0303503,60,0.487325,-0.247832,0.0291273,61,0.503712,-0.275379,0.0385411,62,0.507157,-0.240411,0.0299082,63,0.47387,-0.252107,0.0301843,64,0.434167,-0.241875,0.030255,65,0.541059,-0.260287,0.0318906,66,0.469099,-0.295542,0.0291948,67,0.480128,-0.239097,0.0295608,68,0.471307,-0.244554,0.030414,69,0.435904,-0.258059,0.0294299,70,0.500124,-0.261236,0.0315281,71,0.458053,-0.270679,0.0308632,72,0.4896,-0.251317,0.0293612,73,0.440142,-0.307647,0.0296792,74,0.466563,-0.259237,0.0298534,75,0.446282,-0.265862,0.0305507,76,0.530742,-0.244314,0.0302226,77,0.531752,-0.256102,0.0308127,78,0.509439,-0.242163,0.0289345,79,0.458825,-0.253379,0.031312,80,0.487219,-0.264565,0.0298522,81,0.477534,-0.262172,0.0345919,82,0.476733,-0.250842,0.0290589,83,0.492849,-0.24562,0.0455798,84,0.452171,-0.247501,0.0294539,85,0.449796,-0.275419,0.0287423,86,0.489161,-0.275126,0.0406266,87,0.448552,-0.307353,0.0371444,88,0.485022,-0.257494,0.0303191,89,0.495224,-0.269036,0.030366,90,0.491184,-0.253684,0.0289763,91,0.486527,-0.256173,0.0291857,92,0.462071,-0.26286,0.0293025,93,0.550604,-0.263626,0.0318726,94,0.528193,-0.244547,0.0299848,95,0.452815,-0.244635,0.0303067,96,0.467541,-0.245716,0.0301942,97,0.481043,-0.291026,0.0400553,98,0.409478,-0.261474,0.0310821,99,0.479081,-0.244456,0.030383,
generation,91,0,0.50237,-0.273235,0.02901,1,0.533561,-0.277121,0.0323569,2,0.489584,-0.248479,0.0287821,3,0.466796,-0.245783,0.0289817,4,0.470547,-0.282286,0.030699,5,0.492052,-0.250997,0.0302086,6,0.448044,-0.253268,0.0322332,7,0.470079,-0.24578,0.028792,8,0.469787,-0.274032,0.0295783,9,0.475036,-0.245984,0.0289325,10,0.509531,-0.250533,0.0305845,11,0.5299,-0.248899,0.0384857,12,0.472721,-0.263364,0.0306926,13,0.456982,-0.251858,0.0288076,14,0.50771,-0.266382,0.0294507,15,0.457626,-0.263997,0.0291842,16,0.577081,-0.275939,0.0467053,17,0.501195,-0.263351,0.0295459,18,0.494582,-0.250889,0.0308013,19,0.535056,-0.253069,0.0292832,20,0.610757,-0.253132,0.0305106,21,0.497208,-0.260249,0.029655,22,0.441554,-0.258954,0.028794,23,0.48564,-0.24651,0.0293421,24,0.464034,-0.247721,0.0299486,25,0.451773,-0.25242,0.0287712,26,0.478327,-0.247219,0.0289706,27,0.458123,-0.258264,0.0290762,28,0.452762,-0.273438,0.0306387,29,0.509947,-0.251381,0.0294452,30,0.493702,-0.262679,0.029333,31,0.496513,-0.256493,0.0304824,32,0.489933,-0.251315,0.0304736,33,0.487048,-0.309816,0.0295864,34,0.536557,-0.247821,0.0403663,35,0.447263,-0.256952,0.0294748,36,0.478229,-0.245417,0.0295978,37,0.499577,-0.259738,0.0328989,38,0.411389,-0.248434,0.0305519,39,0.429231,-0.250919,0.0304255,40,0.513858,-0.242086,0.0298531,41,0.45151,-0.288877,0.0302783,42,0.516691,-0.250372,0.0301914,43,0.45209,-0.244007,0.0288231,44,0.48634,-0.246539,0.0287315,45,0.457005,-0.276932,0.0300876,46,0.450363,-0.250559,0.0297004,47,0.47036,-0.257068,0.0287595,48,0.385715,-0.243121,0.0303281,49,0.483163,-0.244956,0.0296963,50,0.503664,-0.257722,0.0296857,51,0.478096,-0.257039,0.0290617,52,0.460078,-0.247267,0.0288316,53,0.503802,-0.244138,0.0292767,54,0.506011,-0.242986,0.0303051,55,0.476521,-0.247335,0.0288977,56,0.494582,-0.248715,0.0288733,57,0.480451,-0.266499,0.0314174,58,0.511169,-0.249863,0.0296098,59,0.487289,-0.258079,0.0291589,60,0.551006,-0.26855,0.0305311,61,0.528386,-0.25309,0.0295902,62,0.498759,-0.253765,0.0315763,63,0.498984,-0.242388,0.0290265,64,0.437582,-0.253972,0.0297237,65,0.488933,-0.254145,0.0288141,66,0.481685,-0.261316,0.0289847,67,0.506216,-0.244399,0.0368887,68,0.506214,-0.260004,0.0300631,69,0.495655,-0.25289,0.0291022,70,0.468399,-0.245237,0.0292326,71,0.443334,-0.252198,0.0303437,72,0.505423,-0.254787,0.0296969,73,0.501686,-0.240814,0.0291655,74,0.504253,-0.27341,0.0308348,75,0.47341,-0.274841,0.030095,76,0.455238,-0.239457,0.0297783,77,0.442182,-0.269978,0.0285911,78,0.469034,-0.252778,0.0288349,79,0.501088,-0.290219,0.0296317,80,0.467625,-0.246381,0.030616,81,0.535709,-0.244593,0.0293922,82,0.512249,-0.277291,0.0313447,83,0.501969,-0.256417,0.02904,84,0.442203,-0.253919,0.029611,85,0.414845,-0.258655,0.0301537,86,0.47047,-0.255349,0.0287438,87,0.429377,-0.248793,0.0292127,88,0.490849,-0.286884,0.0373788,89,0.557899,-0.252868,0.0369901,90,0.377468,-0.247624,0.0298848,91,0.452933,-0.251647,0.031069,92,0.45179,-0.294862,0.0311895,93,0.493305,-0.254415,0.0292652,94,0.505021,-0.250894,0.0295723,95,0.50168,-0.251632,0.0301998,96,0.499002,-0.272039,0.0296057,97,0.490874,-0.248872,0.0291046,98,0.418574,-0.244694,0.030585,99,0.503728,-0.274965,0.0304129,
generation,92,0,0.520066,-0.250535,0.0288724,1,0.492701,-0.250857,0.0288071,2,0.412843,-0.245064,0.0297473,3,0.506665,-0.244031,0.0289091,4,0.580631,-0.252979,0.0314245,5,0.560412,-0.274232,0.0325988,6,0.49933,-0.256046,0.0291605,7,0.470193,-0.255524,0.0299539,8,0.566439,-0.252038,0.0327502,9,0.580729,-0.243711,0.035777,10,0.470147,-0.247824,0.0295855,11,0.467208,-0.256677,0.030549,12,0.520001,-0.24155,0.0290609,13,0.480083,-0.264918,0.0304827,14,0.478085,-0.246579,0.0286573,15,0.522895,-0.263546,0.0306943,16,0.452262,-0.273533,0.0296368,17,0.504606,-0.257074,0.0309448,18,0.481555,-0.270418,0.0302766,19,0.46377,-0.32127,0.0483692,20,0.480544,-0.242791,0.0289704,21,0.483041,-0.262355,0.0294077,22,0.494405,-0.250794,0.0290872,23,0.502117,-0.262853,0.0300986,24,0.497108,-0.252817,0.0294164,25,0.524189,-0.287114,0.0377079,26,0.50721,-0.279354,0.0315734,27,0.481587,-0.237925,0.0288264,28,0.626917,-0.259498,0.0342979,29,0.464174,-0.271092,0.0324016,30,0.471029,-0.243656,0.0313615,31,0.519876,-0.248558,0.0306074,32,0.461928,-0.341431,0.0312875,33,0.483267,-0.264437,0.0292378,34,0.492803,-0.244346,0.0290515,35,0.523366,-0.244062,0.0296454,36,0.453644,-0.246802,0.0297579,37,0.472651,-0.251844,0.030943,38,0.462511,-0.267087,0.0287955,39,0.445087,-0.263875,0.0288081,40,0.486756,-0.260926,0.0298037,41,0.470237,-0.245875,0.0296688,42,0.50167,-0.248974,0.029407,43,0.507971,-0.239272,0.0294486,44,0.481794,-0.265275,0.0296894,45,0.509648,-0.273042,0.0311243,46,0.421461,-0.250915,0.0304699,47,0.476009,-0.247263,0.0290582,48,0.480284,-0.259829,0.0360294,49,0.515411,-0.247853,0.0297353,50,0.533937,-0.266449,0.0306837,51,0.521874,-0.249792,0.0305192,52,0.462609,-0.259531,0.0344762,53,0.465184,-0.251578,0.0356188,54,0.497519,-0.257588,0.0294926,55,0.490499,-0.244473,0.028913,56,0.490908,-0.253186,0.0311209,57,0.449642,-0.250761,0.0297166,58,0.488559,-0.315242,0.031185,59,0.499089,-0.251397,0.0290849,60,0.510006,-0.263002,0.0299543,61,0.538892,-0.24901,0.0302833,62,0.484062,-0.270994,0.0291194,63,0.499729,-0.260547,0.0304518,64,0.501397,-0.243641,0.0294376,65,0.586574,-0.269151,0.0305862,66,0.45774,-0.253916,0.0294578,67,0.576275,-0.254236,0.0302659,68,0.494151,-0.279761,0.0314611,69,0.491246,-0.29142,0.0297969,70,0.466191,-0.255456,0.0310365,71,0.480308,-0.262203,0.0292289,72,0.426933,-0.254463,0.0295884,73,0.534118,-0.264236,0.0324594,74,0.496898,-0.256388,0.0297725,75,0.585735,-0.248531,0.0317831,76,0.496591,-0.257673,0.0302279,77,0.530811,-0.239814,0.0297456,78,0.47054,-0.256674,0.0287554,79,0.476032,-0.239652,0.0346169,80,0.468765,-0.254568,0.0294603,81,0.545393,-0.330431,0.0300949,82,0.463347,-0.255757,0.0287811,83,0.440251,-0.274706,0.0302961,84,0.536686,-0.246681,0.0303319,85,0.498813,-0.246514,0.0294149,86,0.474633,-0.244438,0.0286216,87,0.456512,-0.248298,0.0311551,88,0.482879,-0.253579,0.0337517,89,0.474967,-0.246853,0.0290047,90,0.428665,-0.290169,0.0288097,91,0.524128,-0.242637,0.0293701,92,0.419484,-0.270588,0.0293404,93,0.448178,-0.246722,0.0296787,94,0.459907,-0.254251,0.0306814,95,0.462703,-0.258226,0.0294613,96,0.453451,-0.269162,0.0291402,97,0.477186,-0.246985,0.0289639,98,0.468265,-0.256604,0.0305158,99,0.48706,-0.268512,0.0308173,
generation,93,0,0.475313,-0.241939,0.0286699,1,0.566692,-0.254212,0.0361072,2,0.513025,-0.260849,0.0291555,3,0.478195,-0.285366,0.0289263,4,0.441363,-0.288728,0.0338383,5,0.486455,-0.253255,0.0296434,6,0.555614,-0.253981,0.0298473,7,0.524246,-0.263148,0.0424178,8,0.522025,-0.247309,0.0302814,9,0.564318,-0.240111,0.0316341,10,0.504126,-0.25846,0.0301611,11,0.511013,-0.261448,0.0302065,12,0.566869,-0.258053,0.030146,13,0.453811,-0.247063,0.0307149,14,0.466063,-0.251002,0.0302559,15,0.429978,-0.241969,0.0306429,16,0.463646,-0.253343,0.0286573,17,0.511639,-0.240442,0.0294476,18,0.540198,-0.252997,0.0306219,19,0.465005,-0.269581,0.0308274,20,0.571322,-0.286338,0.0298785,21,0.500884,-0.263477,0.0293371,22,0.506952,-0.271521,0.0349895,23,0.483543,-0.246534,0.0310714,24,0.444953,-0.271341,0.0301006,25,0.477475,-0.269487,0.0299324,26,0.496063,-0.251951,0.0297601,27,0.45938,-0.261772,0.0290916,28,0.468416,-0.272086,0.0294552,29,0.50728,-0.260867,0.0292436,30,0.476982,-0.247171,0.0287948,31,0.499626,-0.274974,0.031302,32,0.547039,-0.245234,0.0318008,33,0.488111,-0.248018,0.0290192,34,0.514981,-0.24041,0.0293991,35,0.502131,-0.278718,0.034102,36,0.517834,-0.303989,0.0395373,37,0.493415,-0.279535,0.0377012,38,0.463895,-0.24606,0.0289334,39,0.465173,-0.262767,0.0303595,40,0.438729,-0.25769,0.030684,41,0.504629,-0.253941,0.028636,42,0.634087,-0.24575,0.0356846,43,0.532506,-0.28896,0.0411029,44,0.43012,-0.246391,0.0293832,45,0.485286,-0.249384,0.0293719,46,0.458782,-0.26503,0.0287607,47,0.629258,-0.25183,0.036427,48,0.464218,-0.255116,0.0287974,49,0.473236,-0.242614,0.0287289,50,0.488057,-0.2651,0.0302096,51,0.483403,-0.285475,0.0296246,52,0.521473,-0.261351,0.034333,53,0.466077,-0.283239,0.028699,54,0.467411,-0.246651,0.0302138,55,0.519034,-0.240819,0.0291743,56,0.430262,-0.253889,0.0301961,57,0.488861,-0.276554,0.0347916,58,0.495146,-0.250769,0.0289513,59,0.453396,-0.259388,0.0297495,60,0.510974,-0.244594,0.0293543,61,0.578395,-0.249501,0.0390721,62,0.592846,-0.290045,0.030126,63,0.538682,-0.267766,0.0396902,64,0.481218,-0.25003,0.029288,65,0.58214,-0.256002,0.0308143,66,0.455217,-0.261718,0.0333249,67,0.487948,-0.248661,0.0297654,68,0.494297,-0.249872,0.0289968,69,0.529344,-0.257285,0.0307204,70,0.475976,-0.251814,0.0297173,71,0.491233,-0.257386,0.0291163,72,0.459295,-0.270326,0.030354,73,0.517783,-0.247536,0.0288804,74,0.45966,-0.269663,0.0287157,75,0.445139,-0.251634,0.0302149,76,0.535738,-0.260125,0.0302059,77,0.486435,-0.247591,0.0291102,78,0.463272,-0.253189,0.029285,79,0.48771,-0.253692,0.0306582,80,0.495105,-0.252925,0.0293506,81,0.592932,-0.243921,0.031101,82,0.488945,-0.270159,0.0298962,83,0.475136,-0.263945,0.0299158,84,0.455355,-0.258226,0.0289478,85,0.455436,-0.241252,0.030621,86,0.422496,-0.253137,0.0302316,87,0.515499,-0.262564,0.0295474,88,0.497742,-0.247977,0.0290831,89,0.44551,-0.262038,0.0286883,90,0.501604,-0.266059,0.029865,91,0.540651,-0.257075,0.0332137,92,0.461159,-0.246205,0.0357496,93,0.432273,-0.240221,0.0290971,94,0.45885,-0.264206,0.0303307,95,0.456354,-0.274182,0.0305212,96,0.453954,-0.255603,0.0292434,97,0.52183,-0.246188,0.0298797,98,0.514233,-0.254071,0.0304268,99,0.447983,-0.240259,0.0293068,
generation,94,0,0.493273,-0.27539,0.0289493,1,0.471361,-0.245901,0.0290761,2,0.535814,-0.353322,0.0310231,3,0.468646,-0.251543,0.0293411,4,0.426724,-0.25484,0.0296974,5,0.446528,-0.27587,0.0299746,6,0.488311,-0.279101,0.0287195,7,0.486724,-0.265548,0.0308948,8,0.497114,-0.260522,0.03468,9,0.471134,-0.24488,0.0286667,10,0.503402,-0.254366,0.0298762,11,0.510078,-0.248875,0.0461111,12,0.471145,-0.306145,0.0305679,13,0.482431,-0.257596,0.0290186,14,0.594258,-0.255907,0.03716,15,0.487953,-0.246394,0.0295021,16,0.457527,-0.257923,0.0295239,17,0.431968,-0.271339,0.0330998,18,0.518756,-0.258739,0.0287965,19,0.454338,-0.24716,0.0292376,20,0.509281,-0.264685,0.0295736,21,0.506567,-0.250299,0.0299249,22,0.61435,-0.248445,0.0418069,23,0.522354,-0.244803,0.028841,24,0.48416,-0.294121,0.0299279,25,0.437058,-0.278263,0.0306529,26,0.419413,-0.252981,0.0338016,27,0.496765,-0.254083,0.0352936,28,0.51074,-0.248415,0.029064,29,0.492161,-0.246463,0.0305395,30,0.479271,-0.246104,0.0305059,31,0.473749,-0.258299,0.0382359,32,0.45733,-0.249671,0.029158,33,0.481214,-0.251241,0.0303528,34,0.507691,-0.249087,0.0291494,35,0.484054,-0.256297,0.0299424,36,0.448673,-0.262223,0.0287845,37,0.529032,-0.284064,0.0298835,38,0.501425,-0.246006,0.0290023,39,0.493133,-0.248089,0.0301105,40,0.486357,-0.264038,0.0296584,41,0.497876,-0.247594,0.0290632,42,0.509534,-0.262661,0.029982,43,0.589135,-0.27246,0.0372379,44,0.415147,-0.259565,0.0304705,45,0.396665,-0.26475,0.0299274,46,0.518032,-0.252705,0.0395576,47,0.461754,-0.257734,0.0306564,48,0.507803,-0.24391,0.0288239,49,0.492693,-0.251127,0.039793,50,0.452946,-0.249264,0.0289614,51,0.49495,-0.244991,0.029006,52,0.514078,-0.268173,0.0291672,53,0.532351,-0.245793,0.0305478,54,0.499966,-0.253861,0.0297746,55,0.447099,-0.251746,0.0307543,56,0.502345,-0.256565,0.0297262,57,0.394602,-0.261181,0.0309616,58,0.390363,-0.251507,0.0298268,59,0.513024,-0.294737,0.0363785,60,0.469364,-0.258107,0.0298095,61,0.462258,-0.28896,0.0289938,62,0.54508,-0.270661,0.0383158,63,0.4749,-0.24944,0.0289349,64,0.449033,-0.276443,0.0295472,65,0.480579,-0.256632,0.0290597,66,0.504471,-0.255708,0.0332675,67,0.538305,-0.256242,0.0303607,68,0.472666,-0.248468,0.0294824,69,0.482081,-0.258998,0.0303469,70,0.504462,-0.256889,0.0289932,71,0.466739,-0.276411,0.0292808,72,0.497997,-0.261446,0.0289421,73,0.484349,-0.269313,0.0294823,74,0.516608,-0.265634,0.0306498,75,0.412494,-0.279549,0.0308475,76,0.488773,-0.249798,0.0300052,77,0.503266,-0.258641,0.0305755,78,0.501734,-0.254275,0.0299733,79,0.505206,-0.261599,0.0295367,80,0.515655,-0.255836,0.04588,81,0.406903,-0.262395,0.029952,82,0.468017,-0.246599,0.0302695,83,0.535364,-0.294017,0.0299154,84,0.474708,-0.266457,0.0294522,85,0.484743,-0.257232,0.0297038,86,0.522328,-0.242478,0.0295446,87,0.483227,-0.256516,0.0289912,88,0.492993,-0.255275,0.0290627,89,0.514479,-0.261684,0.0298041,90,0.522427,-0.252463,0.0290568,91,0.50977,-0.245221,0.0295606,92,0.50332,-0.245329,0.0310664,93,0.434623,-0.288183,0.0295723,94,0.471488,-0.24666,0.0302323,95,0.490059,-0.243901,0.0305203,96,0.506821,-0.264084,0.0300083,97,0.495513,-0.24682,0.0291943,98,0.531096,-0.271278,0.0331405,99,0.504232,-0.267514,0.0317124,
generation,95,0,0.54436,-0.241353,0.0304906,1,0.493697,-0.268861,0.0325635,2,0.575262,-0.240326,0.0306988,3,0.406278,-0.261923,0.0342147,4,0.443461,-0.287848,0.0307664,5,0.51671,-0.24656,0.0308632,6,0.468895,-0.249672,0.0297223,7,0.473829,-0.247462,0.0293603,8,0.407723,-0.260127,0.0299661,9,0.482791,-0.287439,0.029097,10,0.493527,-0.249456,0.0289216,11,0.489425,-0.246655,0.0290485,12,0.497133,-0.245948,0.0291795,13,0.491489,-0.250608,0.0289745,14,0.486729,-0.250421,0.0290932,15,0.5144,-0.252094,0.029925,16,0.480616,-0.243746,0.0303409,17,0.468378,-0.261632,0.0287046,18,0.463445,-0.256308,0.0302694,19,0.489188,-0.258989,0.0292192,20,0.523172,-0.243699,0.0290173,21,0.484019,-0.246216,0.0317153,22,0.381851,-0.24376,0.029277,23,0.488494,-0.249403,0.0289972,24,0.513366,-0.246859,0.0299089,25,0.476768,-0.273687,0.0313682,26,0.509452,-0.246518,0.0291646,27,0.501941,-0.254339,0.0301169,28,0.514344,-0.271437,0.0309607,29,0.466683,-0.260794,0.0293256,30,0.582241,-0.25466,0.0297169,31,0.500049,-0.246408,0.0301138,32,0.47553,-0.247186,0.0290836,33,0.532954,-0.253264,0.0292465,34,0.481369,-0.249335,0.0296893,35,0.469622,-0.252779,0.0288795,36,0.49568,-0.257956,0.0294269,37,0.4872,-0.243777,0.0290512,38,0.502395,-0.245844,0.0327859,39,0.506543,-0.255711,0.0320152,40,0.488012,-0.2513,0.0295249,41,0.53719,-0.2565,0.0423437,42,0.483496,-0.238303,0.0300363,43,0.514588,-0.239824,0.0373662,44,0.477567,-0.243734,0.0308511,45,0.550365,-0.244698,0.0303733,46,0.480914,-0.265338,0.0300042,47,0.530029,-0.24807,0.0370662,48,0.444581,-0.272165,0.0303915,49,0.524263,-0.296708,0.0323005,50,0.476546,-0.248728,0.0297191,51,0.52283,-0.264575,0.0295916,52,0.534746,-0.2435,0.0298586,53,0.532228,-0.240281,0.0297327,54,0.488879,-0.248897,0.0293526,55,0.474586,-0.249417,0.0293097,56,0.439681,-0.252991,0.0294717,57,0.473872,-0.272573,0.0297,58,0.490328,-0.241042,0.0296755,59,0.466476,-0.263575,0.0295363,60,0.506958,-0.242843,0.0292983,61,0.389581,-0.263257,0.0309319,62,0.546844,-0.323995,0.0307565,63,0.462467,-0.269768,0.0304452,64,0.537021,-0.26121,0.0302687,65,0.547781,-0.349648,0.0288428,66,0.471174,-0.257,0.0292028,67,0.489766,-0.24807,0.030066,68,0.501907,-0.266401,0.030147,69,0.494702,-0.262025,0.0289413,70,0.459903,-0.25519,0.0302869,71,0.528032,-0.289971,0.0398003,72,0.532536,-0.266366,0.0381737,73,0.428786,-0.261962,0.0294298,74,0.470779,-0.257379,0.0352483,75,0.47894,-0.251729,0.0300299,76,0.49573,-0.265877,0.0293928,77,0.551657,-0.325614,0.0336144,78,0.443998,-0.244584,0.0296257,79,0.456204,-0.282956,0.0295262,80,0.508549,-0.237266,0.0426255,81,0.486552,-0.245932,0.0297047,82,0.408685,-0.280275,0.0292792,83,0.547325,-0.262694,0.031831,84,0.464961,-0.260206,0.0288151,85,0.522246,-0.28244,0.0301616,86,0.512277,-0.259602,0.0295824,87,0.509676,-0.240297,0.0295254,88,0.505048,-0.251919,0.0293295,89,0.50755,-0.247626,0.0295777,90,0.371729,-0.264215,0.0300569,91,0.515051,-0.263312,0.030705,92,0.511701,-0.264014,0.0379826,93,0.49287,-0.274278,0.0420898,94,0.540058,-0.25469,0.0301649,95,0.468572,-0.254194,0.0292624,96,0.506119,-0.24737,0.0292512,97,0.492865,-0.260562,0.028873,98,0.498233,-0.245796,0.0297826,99,0.486923,-0.250374,0.0297851,
generation,96,0,0.487503,-0.257617,0.0290919,1,0.53308,-0.300297,0.0294203,2,0.476236,-0.249071,0.0296001,3,0.449012,-0.253914,0.0301209,4,0.475089,-0.250306,0.0337739,5,0.490123,-0.267037,0.0295403,6,0.53837,-0.263828,0.0297166,7,0.49349,-0.246388,0.0291433,8,0.441649,-0.241038,0.0299423,9,0.432162,-0.250792,0.0307658,10,0.604181,-0.257895,0.0331871,11,0.505409,-0.250773,0.0289768,12,0.484588,-0.274542,0.0288524,13,0.519975,-0.263053,0.0298441,14,0.503311,-0.251344,0.029519,15,0.508505,-0.240364,0.0298858,16,0.491808,-0.246588,0.0302352,17,0.54439,-0.2842,0.0421987,18,0.438612,-0.30467,0.0295381,19,0.470397,-0.25263,0.0289162,20,0.473784,-0.28794,0.0407889,21,0.460993,-0.261587,0.0291481,22,0.533634,-0.265731,0.0324019,23,0.457143,-0.257699,0.0286909,24,0.574437,-0.28263,0.0385655,25,0.492393,-0.253044,0.0327083,26,0.539883,-0.24876,0.0355383,27,0.471698,-0.255646,0.0292753,28,0.486636,-0.247729,0.0292218,29,0.480026,-0.243377,0.0288338,30,0.434091,-0.259492,0.0290905,31,0.439594,-0.279109,0.0304475,32,0.50816,-0.252769,0.0294131,33,0.537651,-0.249997,0.0289812,34,0.420256,-0.262906,0.0295492,35,0.478446,-0.286341,0.0336105,36,0.506856,-0.249943,0.0300208,37,0.476563,-0.26525,0.0289983,38,0.450573,-0.257176,0.0300577,39,0.500377,-0.247,0.0297805,40,0.530744,-0.251012,0.029796,41,0.562877,-0.244317,0.0301208,42,0.57152,-0.262897,0.0320861,43,0.590363,-0.243497,0.0296465,44,0.530618,-0.25326,0.0325728,45,0.458829,-0.257081,0.0297921,46,0.469334,-0.251725,0.0287607,47,0.423833,-0.244766,0.0291147,48,0.46939,-0.258616,0.0286651,49,0.479766,-0.259901,0.0298347,50,0.511468,-0.238348,0.02939,51,0.477037,-0.246768,0.0290803,52,0.537362,-0.244659,0.0307979,53,0.491323,-0.252532,0.0291534,54,0.45998,-0.250269,0.0306723,55,0.463358,-0.25142,0.029213,56,0.569611,-0.241592,0.0304115,57,0.47423,-0.260696,0.0317025,58,0.493124,-0.304704,0.0311047,59,0.49979,-0.245217,0.0299937,60,0.453686,-0.274333,0.0289436,61,0.467142,-0.257593,0.029004,62,0.488889,-0.26169,0.0288675,63,0.532219,-0.247121,0.0309392,64,0.404826,-0.24651,0.0297006,65,0.468661,-0.240364,0.0289778,66,0.516913,-0.262312,0.030108,67,0.487286,-0.253932,0.0291052,68,0.488155,-0.256681,0.0297481,69,0.48247,-0.248608,0.0392201,70,0.531447,-0.259188,0.0368219,71,0.51109,-0.249433,0.029132,72,0.50969,-0.27239,0.0288749,73,0.472375,-0.245829,0.0296378,74,0.517676,-0.28672,0.0309759,75,0.435034,-0.246078,0.0311481,76,0.478105,-0.244057,0.0287189,77,0.47705,-0.244837,0.0313183,78,0.50914,-0.259196,0.0328312,79,0.654009,-0.352082,0.0299173,80,0.498349,-0.267782,0.0314286,81,0.489565,-0.246007,0.0294741,82,0.432301,-0.285296,0.0288759,83,0.576036,-0.351374,0.0417254,84,0.491886,-0.291293,0.0300134,85,0.470775,-0.248125,0.0291532,86,0.501477,-0.269672,0.0297341,87,0.484673,-0.256367,0.0292102,88,0.437899,-0.241585,0.0289525,89,0.477607,-0.247082,0.0286872,90,0.492059,-0.259798,0.0293126,91,0.511249,-0.265285,0.0292001,92,0.512347,-0.263718,0.0320582,93,0.458068,-0.254941,0.02995,94,0.541655,-0.257351,0.0312138,95,0.469569,-0.252764,0.0288931,96,0.483242,-0.252749,0.0315906,97,0.463668,-0.257972,0.0301615,98,0.490828,-0.245853,0.028989,99,0.580445,-0.246149,0.029719,
generation,97,0,0.486402,-0.252486,0.0289844,1,0.468601,-0.281276,0.0291798,2,0.477543,-0.243816,0.0316262,3,0.465739,-0.248968,0.0313404,4,0.548339,-0.239393,0.0306374,5,0.47585,-0.258124,0.0291353,6,0.473383,-0.249656,0.0309803,7,0.423118,-0.31137,0.0306995,8,0.453523,-0.243589,0.0289904,9,0.557104,-0.253541,0.0435643,10,0.465531,-0.244694,0.0296652,11,0.502311,-0.253394,0.0295885,12,0.426861,-0.263223,0.0294906,13,0.447165,-0.247416,0.0302242,14,0.5055,-0.255638,0.0294933,15,0.504673,-0.242868,0.0296355,16,0.570224,-0.259707,0.0327301,17,0.46822,-0.244056,0.0304073,18,0.527654,-0.248045,0.0339489,19,0.510824,-0.274632,0.0288497,20,0.468563,-0.258883,0.0287413,21,0.492687,-0.24474,0.0317537,22,0.443199,-0.255806,0.0337996,23,0.481212,-0.262224,0.0298884,24,0.532939,-0.271681,0.0327005,25,0.509309,-0.243509,0.0292289,26,0.489601,-0.259094,0.029218,27,0.46296,-0.261468,0.0287201,28,0.435798,-0.287213,0.0288418,29,0.471201,-0.251411,0.0288234,30,0.549373,-0.252445,0.0411607,31,0.435253,-0.288224,0.0288268,32,0.52785,-0.254864,0.0302161,33,0.508259,-0.275337,0.031188,34,0.499946,-0.272731,0.0288569,35,0.465637,-0.24755,0.028842,36,0.474118,-0.243452,0.0289971,37,0.488049,-0.243326,0.0306083,38,0.490894,-0.24952,0.0290337,39,0.459223,-0.293297,0.0300225,40,0.449805,-0.261855,0.0298947,41,0.472761,-0.275283,0.0289182,42,0.495156,-0.248768,0.0289666,43,0.502424,-0.248137,0.0290214,44,0.44274,-0.239906,0.0310971,45,0.450741,-0.277097,0.0307736,46,0.476077,-0.249329,0.0290745,47,0.536245,-0.252706,0.031838,48,0.445272,-0.241716,0.0304449,49,0.471655,-0.271689,0.0301439,50,0.518878,-0.248244,0.0290716,51,0.521753,-0.246275,0.0296131,52,0.516603,-0.246335,0.0307139,53,0.49852,-0.246593,0.0292772,54,0.458171,-0.269649,0.0426788,55,0.533448,-0.240509,0.0297803,56,0.622162,-0.2673,0.0383745,57,0.498131,-0.282654,0.0397851,58,0.501933,-0.257967,0.0296327,59,0.476117,-0.242405,0.0290697,60,0.476295,-0.247396,0.0290723,61,0.442756,-0.270139,0.0289055,62,0.488629,-0.258412,0.0294689,63,0.586758,-0.293364,0.0338809,64,0.470034,-0.24376,0.0296859,65,0.521374,-0.241037,0.0288024,66,0.48455,-0.245106,0.0289515,67,0.490891,-0.256869,0.0301106,68,0.464212,-0.249215,0.030558,69,0.525679,-0.242693,0.029675,70,0.61222,-0.259816,0.0398228,71,0.47656,-0.247857,0.0294499,72,0.488359,-0.253664,0.0296958,73,0.475219,-0.241658,0.0299424,74,0.466904,-0.267222,0.0307524,75,0.464779,-0.260073,0.0299203,76,0.486166,-0.258463,0.0290614,77,0.527901,-0.242344,0.0301772,78,0.433679,-0.25473,0.0303824,79,0.433038,-0.277174,0.0306609,80,0.432459,-0.277023,0.0300328,81,0.443436,-0.286782,0.0309994,82,0.481653,-0.275233,0.0301868,83,0.49589,-0.256189,0.0294885,84,0.500383,-0.249166,0.0288268,85,0.459451,-0.266153,0.0291422,86,0.471289,-0.243149,0.0289008,87,0.477128,-0.273631,0.0297081,88,0.494228,-0.27423,0.0300563,89,0.471459,-0.249493,0.0296087,90,0.50049,-0.278377,0.0306406,91,0.552695,-0.260643,0.0329519,92,0.469313,-0.244772,0.0288062,93,0.467885,-0.250813,0.0288269,94,0.539352,-0.268252,0.0300373,95,0.603114,-0.255985,0.0294852,96,0.500121,-0.24943,0.0289677,97,0.500008,-0.280471,0.0310658,98,0.467649,-0.252107,0.0300859,99,0.462508,-0.258878,0.0286883,
generation,98,0,0.513792,-0.297321,0.0302882,1,0.529373,-0.252711,0.0302396,2,0.504745,-0.267251,0.0300332,3,0.496265,-0.258385,0.0292972,4,0.51207,-0.267106,0.0324356,5,0.489712,-0.258647,0.0302984,6,0.511234,-0.246332,0.0344071,7,0.428668,-0.288497,0.0295055,8,0.471975,-0.267879,0.0322369,9,0.472582,-0.25195,0.0288944,10,0.497739,-0.242538,0.0296194,11,0.498645,-0.262549,0.0288043,12,0.475125,-0.245199,0.0290724,13,0.450488,-0.256203,0.0337406,14,0.481671,-0.245846,0.0305168,15,0.489759,-0.257463,0.0291443,16,0.481493,-0.264458,0.0289576,17,0.501998,-0.248358,0.0288676,18,0.478311,-0.266365,0.0289846,19,0.512433,-0.283381,0.0292869,20,0.52173,-0.257515,0.0299495,21,0.446974,-0.255241,0.0300917,22,0.467908,-0.25331,0.0287837,23,0.577528,-0.259055,0.0317623,24,0.419114,-0.247426,0.0300295,25,0.498179,-0.245633,0.0310247,26,0.464633,-0.246182,0.0290374,27,0.459876,-0.27909,0.0294734,28,0.45962,-0.245431,0.029248,29,0.467951,-0.257329,0.0292588,30,0.487229,-0.286021,0.0363019,31,0.492493,-0.264625,0.0299135,32,0.501148,-0.249279,0.0293592,33,0.514133,-0.245794,0.0292483,34,0.468744,-0.242683,0.0298325,35,0.485749,-0.255727,0.0294521,36,0.581558,-0.297752,0.0296745,37,0.478242,-0.242241,0.0296592,38,0.453842,-0.243927,0.0303878,39,0.448163,-0.262002,0.0300676,40,0.464763,-0.269483,0.0309524,41,0.444749,-0.26862,0.0328852,42,0.497656,-0.250676,0.0289123,43,0.474684,-0.246297,0.0289567,44,0.485912,-0.250208,0.0294824,45,0.438986,-0.265898,0.030266,46,0.473688,-0.245665,0.0288839,47,0.509281,-0.256286,0.031953,48,0.477879,-0.272014,0.0289199,49,0.539354,-0.330175,0.0313592,50,0.437015,-0.258252,0.0325732,51,0.572033,-0.267849,0.0291552,52,0.458454,-0.26337,0.0294106,53,0.591215,-0.239093,0.0359734,54,0.48883,-0.246953,0.0289642,55,0.582628,-0.257615,0.0304219,56,0.481854,-0.281921,0.0298615,57,0.4837,-0.262031,0.0301911,58,0.520193,-0.257366,0.0297824,59,0.469861,-0.248443,0.0303199,60,0.465765,-0.299574,0.0322925,61,0.552686,-0.238494,0.0307834,62,0.475855,-0.242737,0.029261,63,0.536995,-0.247175,0.0320338,64,0.417353,-0.250002,0.0303854,65,0.537802,-0.239515,0.0302225,66,0.456109,-0.243638,0.0301042,67,0.449957,-0.245592,0.030743,68,0.478361,-0.246268,0.029849,69,0.458849,-0.274813,0.0301451,70,0.471075,-0.255392,0.0291712,71,0.451886,-0.259071,0.0292893,72,0.50106,-0.267018,0.0299088,73,0.422487,-0.333025,0.0300698,74,0.492434,-0.247015,0.0299828,75,0.511603,-0.247656,0.0299584,76,0.542981,-0.371048,0.0294483,77,0.46704,-0.246178,0.030833,78,0.433425,-0.258659,0.0318465,79,0.492302,-0.251755,0.0296579,80,0.468353,-0.252329,0.028822,81,0.499391,-0.321419,0.029626,82,0.467351,-0.243153,0.0302526,83,0.493117,-0.248872,0.0296024,84,0.502574,-0.253327,0.0293391,85,0.441302,-0.241175,0.0301565,86,0.505424,-0.273538,0.0299437,87,0.502318,-0.240357,0.0292503,88,0.469973,-0.256494,0.0297263,89,0.485698,-0.248278,0.0336473,90,0.521254,-0.249029,0.0291422,91,0.425051,-0.250076,0.0297757,92,0.470461,-0.257554,0.0292653,93,0.547075,-0.270139,0.030018,94,0.476496,-0.247928,0.0293976,95,0.474004,-0.26353,0.0289242,96,0.599785,-0.246145,0.0379642,97,0.49997,-0.249809,0.0296445,98,0.510537,-0.242059,0.0297546,99,0.485947,-0.273642,0.030062,
generation,99,0,0.493919,-0.270346,0.0301163,1,0.478429,-0.244855,0.0287564,2,0.4654,-0.254226,0.0292012,3,0.504878,-0.243511,0.0290631,4,0.471184,-0.2565,0.0286286,5,0.464897,-0.244071,0.0302897,6,0.493216,-0.254641,0.0296307,7,0.547265,-0.267862,0.0308747,8,0.468604,-0.246512,0.0296655,9,0.510783,-0.237352,0.0359584,10,0.498268,-0.251657,0.0346723,11,0.471669,-0.26789,0.0292661,12,0.443413,-0.250537,0.0289898,13,0.530421,-0.2387,0.0299912,14,0.47716,-0.2493,0.0305274,15,0.450827,-0.27226,0.0286968,16,0.521566,-0.255143,0.0297837,17,0.583528,-0.262251,0.0310848,18,0.477276,-0.247313,0.0288687,19,0.39292,-0.24971,0.0300999,20,0.481007,-0.242896,0.0303754,21,0.468933,-0.256002,0.0288764,22,0.507847,-0.250944,0.0296615,23,0.441152,-0.268755,0.0289517,24,0.445528,-0.258931,0.029637,25,0.513038,-0.281384,0.0289351,26,0.500021,-0.26225,0.0290724,27,0.534949,-0.249136,0.0435767,28,0.531787,-0.246704,0.0301754,29,0.474484,-0.246724,0.029513,30,0.526147,-0.249544,0.0294142,31,0.530883,-0.257442,0.0308547,32,0.490353,-0.251982,0.0307718,33,0.459723,-0.265871,0.0309034,34,0.544023,-0.247293,0.0300477,35,0.586517,-0.243607,0.0314308,36,0.426462,-0.282513,0.0309332,37,0.448942,-0.252028,0.0290401,38,0.503001,-0.241971,0.0329474,39,0.438294,-0.248707,0.0298642,40,0.534145,-0.244516,0.0303463,41,0.467689,-0.2602,0.0297066,42,0.458437,-0.262688,0.0289425,43,0.506642,-0.259351,0.0300077,44,0.472486,-0.254429,0.0287593,45,0.532832,-0.257487,0.0326498,46,0.526105,-0.241137,0.0362608,47,0.486995,-0.265801,0.0294107,48,0.449856,-0.249398,0.0301248,49,0.494632,-0.259483,0.029467,50,0.473967,-0.280234,0.0301433,51,0.481702,-0.272277,0.0289864,52,0.582528,-0.240442,0.0334034,53,0.49282,-0.242396,0.0294776,54,0.524127,-0.234184,0.0315471,55,0.42224,-0.252193,0.0302022,56,0.453613,-0.299714,0.0306075,57,0.499219,-0.245989,0.0295339,58,0.521053,-0.254401,0.0333929,59,0.495104,-0.265105,0.029346,60,0.521971,-0.260856,0.0297538,61,0.569939,-0.24761,0.0299789,62,0.49832,-0.247265,0.0300305,63,0.457845,-0.266109,0.0301657,64,0.439446,-0.263964,0.0297453,65,0.486749,-0.26457,0.0292532,66,0.411707,-0.238944,0.0304897,67,0.446503,-0.243715,0.0301763,68,0.452728,-0.245172,0.0306566,69,0.455576,-0.272456,0.0308125,70,0.501086,-0.247414,0.0300119,71,0.510603,-0.248949,0.0397924,72,0.513058,-0.249816,0.0299309,73,0.492555,-0.264672,0.0293232,74,0.49243,-0.268225,0.0289932,75,0.499049,-0.240969,0.0297053,76,0.51119,-0.244209,0.0298286,77,0.434318,-0.287657,0.0291285,78,0.495984,-0.253403,0.0307277,79,0.515201,-0.247215,0.0301637,80,0.505682,-0.252483,0.0296198,81,0.569167,-0.247655,0.0305911,82,0.449895,-0.276846,0.0321701,83,0.512421,-0.251081,0.0308035,84,0.469949,-0.246568,0.0295862,85,0.469514,-0.247002,0.0299538,86,0.480086,-0.253424,0.0310561,87,0.505966,-0.243084,0.029131,88,0.500623,-0.247909,0.0295724,89,0.475044,-0.246669,0.0291695,90,0.458364,-0.268703,0.0297638,91,0.448194,-0.261012,0.0287492,92,0.435935,-0.257436,0.0306182,93,0.459954,-0.246521,0.0289663,94,0.488928,-0.248783,0.02938,95,0.509183,-0.280394,0.0339001,96,0.501344,-0.244701,0.0293387,97,0.446167,-0.259648,0.0330981,98,0.457158,-0.244468,0.0304617,99,0.469231,-0.25663,0.0290139,
